0 1000 2264
0 1000 2252
0 1000 2300
0 1000 2252
0 1000 2276
0 1000 2300
0 1000 2252
0 1000 2276
0 1000 2216
0 1000 2396
0 1000 2264
0 1000 2252
0 1000 2276
0 1000 2324
0 1000 2312
0 1000 2300
0 1000 2264
0 1000 2324
0 1000 2336
0 1000 2288
0 1000 2312
0 1000 2360
0 1000 2168
0 1000 2312
0 1000 2312
0 1000 2324
0 1000 2312
0 1000 2312
0 1000 2288
0 1000 2300
0 1000 2240
0 1000 2300
0 1000 2252
0 1000 2348
0 1000 2300
0 1000 2228
0 1000 2276
0 1000 2324
0 1000 2276
0 1000 2336
0 1000 2336
0 1000 2264
0 1000 2204
0 1000 2288
0 1000 2312
0 1000 2276
0 1000 2288
0 1000 2288
0 1000 2288
0 1000 2324
0 1000 2228
0 1000 2300
0 1000 2300
0 1000 2324
0 1000 2288
0 1000 2288
0 1000 2300
0 1000 2288
0 1000 2300
0 1000 2288
0 1000 2288
0 1000 2276
0 1000 2264
0 1000 2312
0 1000 2300
0 1000 2252
0 1000 2288
0 1000 2312
0 1000 2312
0 1000 2312
0 1000 2288
0 1000 2276
0 1000 2360
0 1000 2300
0 1000 2288
0 1000 2324
0 1000 2300
0 1000 2348
0 1000 2288
0 1000 2300
0 1000 2312
0 1000 2228
0 1000 2288
0 1000 2300
0 1000 2288
0 1000 2300
0 1000 2252
0 1000 2216
0 1000 2216
0 1000 2312
0 1000 2300
0 1000 2180
0 1000 2264
0 1000 2300
0 1000 2264
0 1000 2300
0 1000 2288
0 1000 2288
0 1000 2288
0 1000 2300
0 1000 2276
0 1000 2276
0 1000 2336
0 1000 2288
0 1000 2252
0 1000 2276
0 1000 2312
0 1000 2240
0 1000 2264
0 1000 2276
0 1000 2276
0 1000 2300
0 1000 2348
0 1000 2252
0 1000 2252
0 1000 2276
0 1000 2276
0 1000 2288
0 1000 2300
0 1000 2216
0 1000 2300
0 1000 2264
0 1000 2276
0 1000 2324
0 1000 2348
0 1000 2312
0 1000 2276
0 1000 2288
0 1000 2312
0 1000 2252
0 1000 2300
0 1000 2264
0 1000 2264
0 1000 2372
0 1000 2192
0 1000 2264
0 1000 2276
0 1000 2276
0 1000 2240
0 1000 2228
0 1000 2300
0 1000 2288
0 1000 2288
0 1000 2180
0 1000 2288
0 1000 2252
0 1000 2288
0 1000 2252
0 1000 2264
0 1000 2288
0 1000 2288
0 1000 2288
0 1000 2264
0 1000 2300
0 1000 2288
0 1000 2276
0 1000 2288
0 1000 2264
0 1000 2264
0 1000 2360
0 1000 2264
0 1000 2180
0 1000 2084
0 1000 2708
0 1000 2300
0 1000 1460
0 1000 2804
0 1000 1988
0 1000 2516
0 1000 2240
0 1000 1940
0 1000 1988
0 1000 1760
0 1000 3560
0 1000 1880
0 1000 1712
0 1000 2564
0 1000 2060
0 1000 1892
0 1000 1952
0 1000 1904
0 1000 1592
0 1000 3872
0 1000 560
0 1000 3656
0 1000 1544
0 1000 4664
0 1000 1064
0 1000 4784
0 1000 1772
0 1000 1856
0 1000 3464
0 1000 3788
0 1000 92
0 1000 1880
0 1000 1232
0 1000 4616
0 1000 6032
0 1000 548
0 1000 3824
0 1000 2468
0 1000 1448
0 1000 2876
0 1000 488
0 1000 2024
0 1000 2084
0 1000 2900
0 1000 6200
0 1000 1736
0 1000 1592
0 1000 1928
0 1000 4844
0 1000 1436
0 1000 1868
0 1000 1472
0 1000 4016
0 1000 1400
0 1000 3020
0 1000 1532
0 1000 4424
0 1000 1808
0 1000 3932
0 1000 1508
0 1000 1724
0 1000 4028
0 1000 -136
0 1000 1496
0 1000 1472
0 1000 3428
0 1000 1532
0 1000 2696
0 1000 1448
0 1000 1868
0 1000 -256
0 1000 3152
0 1000 2144
0 1000 3236
0 1000 1808
0 1000 3812
0 1000 1700
0 1000 2072
0 1000 4820
0 1000 1868
0 1000 2120
0 1000 2348
0 1000 1964
0 1000 1412
0 1000 2504
0 1000 2240
0 1000 1364
0 1000 2084
0 1000 1964
0 1000 3812
0 1000 1544
0 1000 1568
0 1000 1736
0 1000 1280
0 1000 2300
0 1000 1796
0 1000 1520
0 1000 1772
0 1000 2396
0 1000 3224
0 1000 2048
0 1000 3008
0 1000 3092
0 1000 2228
0 1000 2324
0 1000 1544
0 1000 2036
0 1000 2096
0 1000 2168
0 1000 2816
0 1000 2120
0 1000 1976
0 1000 1064
0 1000 1604
0 1000 2432
0 1000 2516
0 1000 2180
0 1000 2444
0 1000 1388
0 1000 2264
0 1000 2132
0 1000 2360
0 1000 1988
0 1000 2300
0 1000 2516
0 1000 1964
0 1000 2156
0 1000 2204
0 1000 3596
0 1000 1880
0 1000 2252
0 1000 2324
0 1000 2084
0 1000 2144
0 1000 3164
0 1000 2576
0 1000 1688
0 1000 1964
0 1000 1760
0 1000 2672
0 1000 2168
0 1000 2108
0 1000 2096
0 1000 3164
0 1000 2648
0 1000 2264
0 1000 2576
0 1000 2144
0 1000 1664
0 1000 2120
0 1000 2120
0 1000 1940
0 1000 2396
0 1000 2120
0 1000 2552
0 1000 2864
0 1000 1844
0 1000 2144
0 1000 1940
0 1000 2528
0 1000 2636
0 1000 2384
0 1000 2300
0 1000 4616
0 1000 2360
0 1000 2744
0 1000 2240
0 1000 2396
0 1000 2336
0 1000 2108
0 1000 2048
0 1000 2660
0 1000 2528
0 1000 1856
0 1000 2444
0 1000 2000
0 1000 1904
0 1000 2120
0 1000 2384
0 1000 2324
0 1000 2276
0 1000 2564
0 1000 3104
0 1000 2192
0 1000 2492
0 1000 2480
0 1000 2336
0 1000 2312
0 1000 2252
0 1000 2300
0 1000 2240
0 1000 2420
0 1000 2300
0 1000 2240
0 1000 2348
0 1000 2288
0 1000 2588
0 1000 2204
0 1000 2408
0 1000 2324
0 1000 2408
0 1000 2684
0 1000 2408
0 1000 2324
0 1000 2252
0 1000 2384
0 1000 2792
0 1000 2108
0 1000 2348
0 1000 2288
0 1000 2504
0 1000 1928
0 1000 1628
0 1000 2924
0 1000 2192
0 1000 2432
0 1000 2732
0 1000 2132
0 1000 2288
0 1000 2108
0 1000 2504
0 1000 2048
0 1000 2696
0 1000 2144
0 1000 2180
0 1000 2168
0 1000 2804
0 1000 2252
0 1000 2432
0 1000 1964
0 1000 1928
0 1000 2216
0 1000 2408
0 1000 2156
0 1000 2288
0 1000 2096
0 1000 2552
0 1000 2048
0 1000 2468
0 1000 2180
0 1000 2180
0 1000 2228
0 1000 2252
0 1000 2420
0 1000 2252
0 1000 2072
0 1000 2372
0 1000 2252
0 1000 2252
0 1000 2288
0 1000 2216
0 1000 2036
0 1000 2288
0 1000 2276
0 1000 2312
0 1000 2348
0 1000 2168
0 1000 2372
0 1000 2228
0 1000 2360
0 1000 2312
0 1000 2372
0 1000 2240
0 1000 2384
0 1000 2336
0 1000 2288
0 1000 2372
0 1000 2336
0 1000 2336
0 1000 2228
0 1000 2288
0 1000 2300
0 1000 2432
0 1000 2288
0 1000 2180
0 1000 2288
0 1000 2300
0 1000 2288
0 1000 2276
0 1000 2228
0 1000 2132
0 1000 2288
0 1000 2336
0 1000 2240
0 1000 2240
0 1000 2300
0 1000 2408
0 1000 2240
0 1000 2252
0 1000 2228
0 1000 2300
0 1000 2288
0 1000 2468
0 1000 2228
0 1000 2300
0 1000 2228
0 1000 2300
0 1000 2228
0 1000 2492
0 1000 2240
0 1000 2276
0 1000 2312
0 1000 2312
0 1000 2288
0 1000 2300
0 1000 2264
0 1000 2288
0 1000 2336
0 1000 2288
0 1000 2252
0 1000 2288
0 1000 2264
0 1000 2312
0 1000 2288
0 1000 2264
0 1000 2348
0 1000 2288
0 1000 2288
0 1000 2324
0 1000 2300
0 1000 2288
0 1000 2204
0 1000 2240
0 1000 2312
0 1000 2300
0 1000 2192
0 1000 2300
0 1000 2276
0 1000 2300
0 1000 2324
0 1000 2252
0 1000 2240
0 1000 2240
0 1000 2348
0 1000 2300
0 1000 2336
0 1000 2468
0 1000 2240
0 1000 2216
0 1000 2276
0 1000 2300
0 1000 2276
0 1000 2300
0 1000 2276
0 1000 2300
0 1000 2288
0 1000 2300
0 1000 2312
0 1000 2372
0 1000 2276
0 1000 2312
0 1000 2300
0 1000 2264
0 1000 2300
0 1000 2264
0 1000 2288
0 1000 2288
0 1000 2288
0 1000 2396
0 1000 2240
0 1000 2288
0 1000 2240
0 1000 2288
0 1000 2276
0 1000 2300
0 1000 2276
0 1000 2288
0 1000 2288
0 1000 2300
0 1000 2276
0 1000 2300
0 1000 2324
0 1000 2336
0 1000 2276
0 1000 2300
0 1000 2264
0 1000 2312
0 1000 2288
0 1000 2276
0 1000 2348
0 1000 2264
0 1000 2324
0 1000 2288
0 1000 2216
0 1000 2300
0 1000 2276
0 1000 2324
0 1000 2324
0 1000 2408
0 1000 2240
0 1000 2336
0 1000 2252
0 1000 2336
0 1000 2360
0 1000 2276
0 1000 2348
0 1000 2264
0 1000 2300
0 1000 2312
0 1000 2300
0 1000 2264
0 1000 2228
0 1000 2252
0 1000 2396
0 1000 2312
0 1000 2300
0 1000 2276
0 1000 2264
0 1000 2264
0 1000 2312
0 1000 2300
0 1000 2288
0 1000 2276
0 1000 2324
0 1000 2252
0 1000 2288
0 1000 2276
0 1000 2288
0 1000 2336
0 1000 2228
0 1000 2276
0 1000 2276
0 1000 2372
0 1000 2360
0 1000 2312
0 1000 2300
0 1000 2288
0 1000 2300
0 1000 2120
0 1000 2276
0 1000 2288
0 1000 2240
0 1000 2264
0 1000 2276
0 1000 2276
0 1000 2324
0 1000 2252
0 1000 2408
0 1000 2204
0 1000 2324
0 1000 2312
0 1000 2324
0 1000 2204
0 1000 2240
0 1000 2300
0 1000 2300
0 1000 2360
0 1000 2408
0 1000 2312
0 1000 2228
0 1000 2276
0 1000 2300
0 1000 2384
0 1000 2300
0 1000 2252
0 1000 2252
0 1000 2336
0 1000 2288
0 1000 2264
0 1000 2252
0 1000 2300
0 1000 2300
0 1000 2324
0 1000 2300
0 1000 2300
0 1000 2288
0 1000 2348
0 1000 2312
0 1000 2300
0 1000 2300
0 1000 2228
0 1000 2240
0 1000 2276
0 1000 2300
0 1000 2276
0 1000 2276
0 1000 2288
0 1000 2252
0 1000 2348
0 1000 2240
0 1000 2300
0 1000 2276
0 1000 2300
0 1000 2324
0 1000 2312
0 1000 2264
0 1000 2360
0 1000 2336
0 1000 2300
0 1000 2288
0 1000 2312
0 1000 2288
0 1000 2372
0 1000 2300
0 1000 2300
0 1000 2324
0 1000 2276
0 1000 2312
0 1000 2276
0 1000 2324
0 1000 2276
0 1000 2276
0 1000 2300
0 1000 2276
0 1000 2288
0 1000 2312
0 1000 2276
0 1000 2276
0 1000 2216
0 1000 2240
0 1000 2276
0 1000 2252
0 1000 2252
0 1000 2276
0 1000 2300
0 1000 2276
0 1000 2264
0 1000 2288
0 1000 2276
0 1000 2324
0 1000 2348
0 1000 2324
0 1000 2300
0 1000 2192
0 1000 2312
0 1000 2240
0 1000 2300
0 1000 2288
0 1000 2300
0 1000 2300
0 1000 2300
0 1000 2300
0 1000 2348
0 1000 2288
0 1000 2288
0 1000 2336
0 1000 2324
0 1000 2288
0 1000 2372
0 1000 2216
0 1000 2324
0 1000 2300
0 1000 2300
0 1000 2264
0 1000 2300
0 1000 2288
0 1000 2240
0 1000 1736
0 1000 3332
0 1000 2024
0 1000 2024
0 1000 2516
0 1000 2504
0 1000 2576
0 1000 2144
0 1000 2096
0 1000 2168
0 1000 2624
0 1000 3008
0 1000 2240
0 1000 2492
0 1000 2240
0 1000 1928
0 1000 2048
0 1000 2144
0 1000 2180
0 1000 1868
0 1000 2348
0 1000 2120
0 1000 2516
0 1000 2444
0 1000 2216
0 1000 2456
0 1000 2204
0 1000 2348
0 1000 2228
0 1000 2192
0 1000 2288
0 1000 2264
0 1000 2360
0 1000 2360
0 1000 2228
0 1000 2384
0 1000 2360
0 1000 2312
0 1000 2300
0 1000 2276
0 1000 2264
0 1000 2300
0 1000 2288
0 1000 2324
0 1000 2324
0 1000 2384
0 1000 2324
0 1000 2324
0 1000 2276
0 1000 2276
0 1000 2312
0 1000 2252
0 1000 2312
0 1000 2336
0 1000 2264
0 1000 2180
0 1000 2240
0 1000 2264
0 1000 2300
0 1000 2288
0 1000 2372
0 1000 2264
0 1000 2276
0 1000 2300
0 1000 2384
0 1000 2288
0 1000 2276
0 1000 2288
0 1000 2288
0 1000 2300
0 1000 2264
0 1000 2348
0 1000 2276
0 1000 2288
0 1000 2276
0 1000 2300
0 1000 2228
0 1000 2276
0 1000 2288
0 1000 2288
0 1000 2300
0 1000 2300
0 1000 2288
0 1000 2312
0 1000 2312
0 1000 2288
0 1000 2276
0 1000 2288
0 1000 2276
0 1000 2276
0 1000 2288
0 1000 2264
0 1000 2264
0 1000 2348
0 1000 2264
0 1000 2300
0 1000 2252
0 1000 2276
0 1000 2276
0 1000 2264
0 1000 2252
0 1000 2288
0 1000 2288
0 1000 2312
0 1000 2276
0 1000 2300
0 1000 2324
0 1000 2312
0 1000 2264
0 1000 2360
0 1000 2288
0 1000 2276
0 1000 2288
0 1000 2288
0 1000 2264
0 1000 2288
0 1000 2288
0 1000 2276
0 1000 2252
0 1000 2276
0 1000 2300
0 1000 2300
0 1000 2252
0 1000 2288
0 1000 2300
0 1000 2312
0 1000 2276
0 1000 2288
0 1000 2288
0 1000 2288
0 1000 2288
0 1000 2300
0 1000 2312
0 1000 2288
0 1000 2300
0 1000 2300
0 1000 2300
0 1000 2300
0 1000 2300
0 1000 2312
0 1000 2336
0 1000 2252
0 1000 2300
0 1000 2252
0 1000 2252
0 1000 2288
0 1000 2300
0 1000 2288
0 1000 2300
0 1000 2300
0 1000 2276
0 1000 2276
0 1000 2264
0 1000 2348
0 1000 2264
0 1000 2300
0 1000 2204
0 1000 2660
0 1000 2288
0 1000 2600
0 1000 2000
0 1000 2384
0 1000 2900
0 1000 2408
0 1000 2480
0 1000 1472
0 1000 1892
0 1000 2900
0 1000 1700
0 1000 2564
0 1000 2180
0 1000 2948
0 1000 2504
0 1000 2204
0 1000 2360
0 1000 2348
0 1000 1280
0 1000 1784
0 1000 3260
0 1000 896
0 1000 3248
0 1000 2336
0 1000 2420
0 1000 3596
0 1000 2864
0 1000 2120
0 1000 2780
0 1000 4364
0 1000 1448
0 1000 2804
0 1000 2132
0 1000 1664
0 1000 3212
0 1000 1688
0 1000 3944
0 1000 2312
0 1000 2132
0 1000 3704
0 1000 2132
0 1000 2312
0 1000 4280
0 1000 5384
0 1000 824
0 1000 1916
0 1000 3836
0 1000 1244
0 1000 2696
0 1000 2780
0 1000 3104
0 1000 1700
0 1000 812
0 1000 1388
0 1000 1964
0 1000 1424
0 1000 2408
0 1000 572
0 1000 1700
0 1000 3152
0 1000 1652
0 1000 4796
0 1000 1820
0 1000 812
0 1000 1352
0 1000 1256
0 1000 1412
0 1000 3332
0 1000 3680
0 1000 2540
0 1000 2192
0 1000 3452
0 1000 2624
0 1000 1832
0 1000 1892
0 1000 2504
0 1000 2048
0 1000 1976
0 1000 2264
0 1000 1724
0 1000 2408
0 1000 2408
0 1000 3104
0 1000 2360
0 1000 1916
0 1000 5216
0 1000 1736
0 1000 2012
0 1000 2660
0 1000 4304
0 1000 3044
0 1000 1472
0 1000 1772
0 1000 1580
0 1000 1796
0 1000 3104
0 1000 2516
0 1000 2684
0 1000 1868
0 1000 2060
0 1000 1664
0 1000 1712
0 1000 2072
0 1000 2564
0 1000 2264
0 1000 3140
0 1000 2480
0 1000 3104
0 1000 3152
0 1000 2300
0 1000 1616
0 1000 1484
0 1000 2024
0 1000 3332
0 1000 2156
0 1000 2300
0 1000 3092
0 1000 3212
0 1000 2888
0 1000 2360
0 1000 3188
0 1000 1688
0 1000 2864
0 1000 2876
0 1000 2012
0 1000 1952
0 1000 1796
0 1000 2048
0 1000 2540
0 1000 1700
0 1000 1904
0 1000 2492
0 1000 2192
0 1000 2708
0 1000 2132
0 1000 2900
0 1000 1988
0 1000 1784
0 1000 1796
0 1000 2780
0 1000 1640
0 1000 2288
0 1000 2288
0 1000 2024
0 1000 1844
0 1000 2060
0 1000 2240
0 1000 1904
0 1000 2276
0 1000 2240
0 1000 2156
0 1000 2240
0 1000 2216
0 1000 2360
0 1000 2480
0 1000 2276
0 1000 2600
0 1000 2192
0 1000 2264
0 1000 2168
0 1000 2216
0 1000 2240
0 1000 2252
0 1000 2276
0 1000 2288
0 1000 2276
0 1000 2300
0 1000 2456
0 1000 2072
0 1000 2396
0 1000 2024
0 1000 2228
0 1000 2288
0 1000 2324
0 1000 2492
0 1000 2240
0 1000 2924
0 1000 2696
0 1000 2288
0 1000 2288
0 1000 2324
0 1000 2336
0 1000 2264
0 1000 2336
0 1000 2168
0 1000 2180
0 1000 2252
0 1000 2264
0 1000 2264
0 1000 2408
0 1000 2408
0 1000 2144
0 1000 1976
0 1000 2612
0 1000 2264
0 1000 2288
0 1000 2312
0 1000 2300
0 1000 2216
0 1000 2252
0 1000 2288
0 1000 2360
0 1000 2324
0 1000 2156
0 1000 2264
0 1000 2312
0 1000 2252
0 1000 2300
0 1000 2372
0 1000 2300
0 1000 2324
0 1000 2312
0 1000 2336
0 1000 2300
0 1000 2312
0 1000 2300
0 1000 2324
0 1000 2300
0 1000 2312
0 1000 2324
0 1000 2324
0 1000 2300
0 1000 2276
0 1000 2312
0 1000 2252
0 1000 2312
0 1000 2288
0 1000 2312
0 1000 2264
0 1000 2252
0 1000 2264
0 1000 2300
0 1000 2252
0 1000 2288
0 1000 2276
0 1000 2312
0 1000 2324
0 1000 2276
0 1000 2252
0 1000 2276
0 1000 2264
0 1000 2276
0 1000 2312
0 1000 2276
0 1000 2252
0 1000 2288
0 1000 2300
0 1000 2300
0 1000 2324
0 1000 2276
0 1000 2276
0 1000 2276
0 1000 2360
0 1000 2432
0 1000 2276
0 1000 2288
0 1000 2372
0 1000 2312
0 1000 2276
0 1000 2336
0 1000 2312
0 1000 2288
0 1000 2276
0 1000 2264
0 1000 2300
0 1000 2264
0 1000 2276
0 1000 2300
0 1000 2264
0 1000 2264
0 1000 2252
0 1000 2288
0 1000 2276
0 1000 2264
0 1000 2288
0 1000 2312
0 1000 2264
0 1000 2276
0 1000 2264
0 1000 2276
0 1000 2288
0 1000 2276
0 1000 2288
0 1000 2300
0 1000 2312
0 1000 2264
0 1000 2276
0 1000 2276
0 1000 2288
0 1000 2288
0 1000 2252
0 1000 2312
0 1000 2276
0 1000 2276
0 1000 2300
0 1000 2336
0 1000 2300
0 1000 2288
0 1000 2264
0 1000 2288
0 1000 2324
0 1000 2288
0 1000 2288
0 1000 2264
0 1000 2276
0 1000 2252
0 1000 2276
0 1000 2300
0 1000 2240
0 1000 2264
0 1000 2312
0 1000 2288
0 1000 2324
0 1000 2276
0 1000 2336
0 1000 2276
0 1000 2288
0 1000 2324
0 1000 2300
0 1000 2276
0 1000 2276
0 1000 2324
0 1000 2324
0 1000 2300
0 1000 2288
0 1000 2252
0 1000 2288
0 1000 2324
0 1000 2252
0 1000 2348
0 1000 2288
0 1000 2324
0 1000 2288
0 1000 2288
0 1000 2264
0 1000 2288
0 1000 2312
0 1000 2276
0 1000 2300
0 1000 2288
0 1000 2276
0 1000 2300
0 1000 2300
0 1000 2300
0 1000 2312
0 1000 2276
0 1000 2264
0 1000 2288
0 1000 2300
0 1000 2336
0 1000 2300
0 1000 2276
0 1000 2276
0 1000 2276
0 1000 2300
0 1000 2312
0 1000 2264
0 1000 2276
0 1000 2288
0 1000 2276
0 1000 2324
0 1000 2300
0 1000 2300
0 1000 2300
0 1000 2300
0 1000 2300
0 1000 2276
0 1000 2288
0 1000 2264
0 1000 2312
0 1000 2312
0 1000 2312
0 1000 2300
0 1000 2264
0 1000 2300
0 1000 2312
0 1000 2324
0 1000 2288
0 1000 2288
0 1000 2288
0 1000 2312
0 1000 2300
0 1000 2312
0 1000 2300
0 1000 2288
0 1000 2288
0 1000 2312
0 1000 2300
0 1000 2300
0 1000 2300
0 1000 2336
0 1000 2384
0 1000 2324
0 1000 2288
0 1000 2288
0 1000 2300
0 1000 2336
0 1000 2288
0 1000 2312
0 1000 2288
0 1000 2288
0 1000 2312
0 1000 2312
0 1000 2276
0 1000 2288
0 1000 2276
0 1000 2324
0 1000 2300
0 1000 2348
0 1000 2288
0 1000 2300
0 1000 2384
0 1000 2300
0 1000 2324
0 1000 2276
0 1000 2288
0 1000 2264
0 1000 2252
0 1000 2312
0 1000 2288
0 1000 2300
0 1000 2288
0 1000 2300
0 1000 2312
0 1000 2288
0 1000 2252
0 1000 2240
0 1000 2324
0 1000 2336
0 1000 2300
0 1000 2300
0 1000 2276
0 1000 2288
0 1000 2276
0 1000 2276
0 1000 2288
0 1000 2300
0 1000 2276
0 1000 2288
0 1000 2324
0 1000 2276
0 1000 2264
0 1000 2276
0 1000 2276
0 1000 2312
0 1000 2324
0 1000 2276
0 1000 2276
0 1000 2288
0 1000 2312
0 1000 2312
0 1000 2288
0 1000 2312
0 1000 2288
0 1000 2300
0 1000 2300
0 1000 2288
0 1000 2288
0 1000 2288
0 1000 2300
0 1000 2336
0 1000 2192
0 1000 2264
0 1000 2252
0 1000 2300
0 1000 2360
0 1000 2288
0 1000 2336
0 1000 2216
0 1000 2252
0 1000 2372
0 1000 2240
0 1000 2312
0 1000 2144
0 1000 2300
0 1000 2348
0 1000 2240
0 1000 1880
0 1000 3512
0 1000 2048
0 1000 2564
0 1000 2072
0 1000 1988
0 1000 2360
0 1000 1676
0 1000 2324
0 1000 3680
0 1000 1964
0 1000 2336
0 1000 1568
0 1000 1928
0 1000 4136
0 1000 2144
0 1000 764
0 1000 3632
0 1000 1760
0 1000 3116
0 1000 1232
0 1000 2864
0 1000 3668
0 1000 1388
0 1000 3560
0 1000 1280
0 1000 2648
0 1000 4400
0 1000 2240
0 1000 1172
0 1000 2180
0 1000 188
0 1000 3500
0 1000 2444
0 1000 2816
0 1000 2060
0 1000 2492
0 1000 2048
0 1000 1664
0 1000 1808
0 1000 1268
0 1000 1616
0 1000 1568
0 1000 2720
0 1000 2528
0 1000 4148
0 1000 2180
0 1000 3644
0 1000 1052
0 1000 3500
0 1000 2528
0 1000 848
0 1000 2720
0 1000 2168
0 1000 872
0 1000 2924
0 1000 2708
0 1000 1940
0 1000 1976
0 1000 1196
0 1000 3572
0 1000 1844
0 1000 2036
0 1000 2720
0 1000 1928
0 1000 2732
0 1000 2288
0 1000 1220
0 1000 2084
0 1000 1808
0 1000 3176
0 1000 1676
0 1000 836
0 1000 2540
0 1000 1268
0 1000 4280
0 1000 2048
0 1000 3152
0 1000 1892
0 1000 1964
0 1000 2132
0 1000 1460
0 1000 2300
0 1000 1460
0 1000 2984
0 1000 2564
0 1000 1868
0 1000 2528
0 1000 2672
0 1000 1628
0 1000 3308
0 1000 1844
0 1000 2288
0 1000 2360
0 1000 2984
0 1000 1568
0 1000 2540
0 1000 1352
0 1000 3200
0 1000 3332
0 1000 1364
0 1000 3032
0 1000 2120
0 1000 3452
0 1000 584
0 1000 3236
0 1000 2000
0 1000 1952
0 1000 1688
0 1000 2960
0 1000 2768
0 1000 2180
0 1000 2708
0 1000 3224
0 1000 2024
0 1000 2480
0 1000 2612
0 1000 3452
0 1000 2456
0 1000 1688
0 1000 2204
0 1000 1832
0 1000 1844
0 1000 1568
0 1000 2492
0 1000 3140
0 1000 1796
0 1000 2216
0 1000 1520
0 1000 1448
0 1000 2600
0 1000 2444
0 1000 1700
0 1000 2036
0 1000 2516
0 1000 1160
0 1000 2480
0 1000 1760
0 1000 2528
0 1000 2648
0 1000 2276
0 1000 2048
0 1000 2720
0 1000 3872
0 1000 2804
0 1000 2336
0 1000 2960
0 1000 2792
0 1000 2252
0 1000 2144
0 1000 2468
0 1000 1724
0 1000 2780
0 1000 1772
0 1000 1472
0 1000 1676
0 1000 2396
0 1000 2096
0 1000 2720
0 1000 2096
0 1000 2348
0 1000 2204
0 1000 2780
0 1000 1928
0 1000 2576
0 1000 2240
0 1000 2216
0 1000 2192
0 1000 1928
0 1000 2192
0 1000 2264
0 1000 2348
0 1000 2276
0 1000 2144
0 1000 2252
0 1000 2276
0 1000 2288
0 1000 2288
0 1000 2312
0 1000 2384
0 1000 2324
0 1000 2288
0 1000 2312
0 1000 2288
0 1000 2276
0 1000 2216
0 1000 2312
0 1000 2360
0 1000 2324
0 1000 2336
0 1000 2276
0 1000 2288
0 1000 2276
0 1000 2252
0 1000 2300
0 1000 2276
0 1000 2276
0 1000 2300
0 1000 2276
0 1000 2264
0 1000 2288
0 1000 2264
0 1000 2372
0 1000 2288
0 1000 2324
0 1000 2276
0 1000 2276
0 1000 2324
0 1000 2276
0 1000 2252
0 1000 2252
0 1000 2264
0 1000 2252
0 1000 2312
0 1000 2252
0 1000 2288
0 1000 2324
0 1000 2252
0 1000 2252
0 1000 2408
0 1000 2372
0 1000 2288
0 1000 2264
0 1000 2324
0 1000 2408
0 1000 2300
0 1000 2276
0 1000 2396
0 1000 2360
0 1000 2228
0 1000 2204
0 1000 2312
0 1000 2288
0 1000 2276
0 1000 2336
0 1000 2264
0 1000 2276
0 1000 2228
0 1000 2264
0 1000 2288
0 1000 2420
0 1000 2408
0 1000 2336
0 1000 2276
0 1000 2336
0 1000 2240
0 1000 2288
0 1000 2300
0 1000 2264
0 1000 2360
0 1000 2300
0 1000 2360
0 1000 2468
0 1000 2264
0 1000 2252
0 1000 2240
0 1000 2264
0 1000 2264
0 1000 2216
0 1000 2420
0 1000 2264
0 1000 2288
0 1000 2300
0 1000 2288
0 1000 2264
0 1000 2168
0 1000 2276
0 1000 2240
0 1000 2288
0 1000 2300
0 1000 2288
0 1000 2324
0 1000 2144
0 1000 2324
0 1000 2312
0 1000 2288
0 1000 2384
0 1000 2288
0 1000 2492
0 1000 2312
0 1000 2276
0 1000 2300
0 1000 2276
0 1000 2204
0 1000 2120
0 1000 2468
0 1000 2000
0 1000 2972
0 1000 2444
0 1000 2300
0 1000 2240
0 1000 2420
0 1000 1916
0 1000 2768
0 1000 2300
0 1000 2144
0 1000 2456
0 1000 2480
0 1000 2240
0 1000 2252
0 1000 1796
0 1000 2288
0 1000 2300
0 1000 2588
0 1000 2360
0 1000 2060
0 1000 2300
0 1000 1304
0 1000 2192
0 1000 2420
0 1000 2096
0 1000 2228
0 1000 2120
0 1000 2240
0 1000 2264
0 1000 2276
0 1000 2204
0 1000 2480
0 1000 2108
0 1000 2240
0 1000 2288
0 1000 2228
0 1000 2144
0 1000 2264
0 1000 2396
0 1000 2372
0 1000 2336
0 1000 2300
0 1000 2300
0 1000 2300
0 1000 2240
0 1000 2228
0 1000 2216
0 1000 2276
0 1000 2300
0 1000 2300
0 1000 2312
0 1000 2324
0 1000 2216
0 1000 2276
0 1000 2288
0 1000 2324
0 1000 2288
0 1000 2264
0 1000 2288
0 1000 2300
0 1000 2336
0 1000 2312
0 1000 2300
0 1000 2288
0 1000 2324
0 1000 2276
0 1000 2372
0 1000 2264
0 1000 2288
0 1000 2288
0 1000 2288
0 1000 2324
0 1000 2288
0 1000 2288
0 1000 2288
0 1000 2348
0 1000 2300
0 1000 2300
0 1000 2300
0 1000 2288
0 1000 2252
0 1000 2300
0 1000 2312
0 1000 2276
0 1000 2276
0 1000 2288
0 1000 2312
0 1000 2300
0 1000 2288
0 1000 2324
0 1000 2288
0 1000 2288
0 1000 2300
0 1000 2276
0 1000 2300
0 1000 2300
0 1000 2288
0 1000 2300
0 1000 2324
0 1000 2300
0 1000 2300
0 1000 2300
0 1000 2288
0 1000 2300
0 1000 2276
0 1000 2276
0 1000 2288
0 1000 2300
0 1000 2312
0 1000 2300
0 1000 2312
0 1000 2276
0 1000 2288
0 1000 2312
0 1000 2300
0 1000 2288
0 1000 2300
0 1000 2300
0 1000 2264
0 1000 2276
0 1000 2288
0 1000 2276
0 1000 2288
0 1000 2288
0 1000 2312
0 1000 2312
0 1000 2288
0 1000 2288
0 1000 2288
0 1000 2324
0 1000 2288
0 1000 2264
0 1000 2276
0 1000 2276
0 1000 2300
0 1000 2312
0 1000 2264
0 1000 2288
0 1000 2276
0 1000 2300
0 1000 2312
0 1000 2288
0 1000 2300
0 1000 2288
0 1000 2288
0 1000 2300
0 1000 2288
0 1000 2288
0 1000 2300
0 1000 2264
0 1000 2324
0 1000 2276
0 1000 2276
0 1000 2276
0 1000 2312
0 1000 2336
0 1000 2288
0 1000 2276
0 1000 2276
0 1000 2264
0 1000 2300
0 1000 2300
0 1000 2276
0 1000 2420
0 1000 2048
0 1000 2648
0 1000 2300
0 1000 2324
0 1000 1388
0 1000 2312
0 1000 2840
0 1000 2096
0 1000 2204
0 1000 1460
0 1000 2864
0 1000 2144
0 1000 1892
0 1000 2528
0 1000 2456
0 1000 2564
0 1000 1412
0 1000 3128
0 1000 2432
0 1000 2708
0 1000 1304
0 1000 2924
0 1000 2336
0 1000 3176
0 1000 1700
0 1000 1820
0 1000 4640
0 1000 -304
0 1000 3248
0 1000 1880
0 1000 5252
0 1000 1460
0 1000 3032
0 1000 2336
0 1000 3356
0 1000 2756
0 1000 1736
0 1000 1532
0 1000 1664
0 1000 920
0 1000 4304
0 1000 1388
0 1000 2624
0 1000 8
0 1000 3980
0 1000 2600
0 1000 2252
0 1000 3356
0 1000 1220
0 1000 2336
0 1000 3308
0 1000 1952
0 1000 2732
0 1000 1652
0 1000 3728
0 1000 2120
0 1000 2552
0 1000 1196
0 1000 1916
0 1000 1100
0 1000 1628
0 1000 2024
0 1000 2156
0 1000 1832
0 1000 2168
0 1000 2900
0 1000 2012
0 1000 2252
0 1000 1532
0 1000 4004
0 1000 2180
0 1000 2240
0 1000 2144
0 1000 3092
0 1000 2468
0 1000 3104
0 1000 1640
0 1000 2312
0 1000 1880
0 1000 1748
0 1000 2432
0 1000 2840
0 1000 1712
0 1000 1964
0 1000 1712
0 1000 1976
0 1000 1904
0 1000 2024
0 1000 2192
0 1000 1772
0 1000 1640
0 1000 2096
0 1000 1856
0 1000 2420
0 1000 1436
0 1000 1580
0 1000 1280
0 1000 1844
0 1000 2768
0 1000 2096
0 1000 3200
0 1000 1532
0 1000 1556
0 1000 3188
0 1000 1844
0 1000 2072
0 1000 2480
0 1000 2000
0 1000 1676
0 1000 2024
0 1000 1856
0 1000 1412
0 1000 2060
0 1000 1892
0 1000 2408
0 1000 2312
0 1000 1904
0 1000 2276
0 1000 2780
0 1000 2348
0 1000 2168
0 1000 2336
0 1000 2768
0 1000 1652
0 1000 2036
0 1000 2588
0 1000 2264
0 1000 2756
0 1000 3068
0 1000 2192
0 1000 3752
0 1000 2216
0 1000 2108
0 1000 2048
0 1000 1904
0 1000 2552
0 1000 2660
0 1000 2180
0 1000 2192
0 1000 2384
0 1000 1556
0 1000 2216
0 1000 2084
0 1000 2156
0 1000 2096
0 1000 2396
0 1000 1676
0 1000 2096
0 1000 2012
0 1000 2984
0 1000 2492
0 1000 3068
0 1000 1568
0 1000 2228
0 1000 2912
0 1000 1868
0 1000 2756
0 1000 2156
0 1000 2288
0 1000 2372
0 1000 1928
0 1000 2120
0 1000 2684
0 1000 2144
0 1000 1340
0 1000 2084
0 1000 2516
0 1000 2228
0 1000 2492
0 1000 2084
0 1000 2228
0 1000 1808
0 1000 2204
0 1000 3176
0 1000 2276
0 1000 2360
0 1000 1784
0 1000 2852
0 1000 2012
0 1000 2336
0 1000 2396
0 1000 1964
0 1000 2156
0 1000 2084
0 1000 2048
0 1000 2120
0 1000 2432
0 1000 2516
0 1000 1352
0 1000 2084
0 1000 2744
0 1000 2120
0 1000 2300
0 1000 1664
0 1000 1844
0 1000 2168
0 1000 4064
0 1000 2252
0 1000 2972
0 1000 2276
0 1000 1892
0 1000 2156
0 1000 2300
0 1000 2228
0 1000 2216
0 1000 2216
0 1000 2216
0 1000 2276
0 1000 2180
0 1000 2240
0 1000 2228
0 1000 2216
0 1000 2228
0 1000 2324
0 1000 2252
0 1000 2276
0 1000 2288
0 1000 2444
0 1000 2432
0 1000 2168
0 1000 2324
0 1000 2324
0 1000 2312
0 1000 2168
0 1000 2384
0 1000 2516
0 1000 1976
0 1000 2192
0 1000 2324
0 1000 2372
0 1000 2588
0 1000 1952
0 1000 2432
0 1000 2084
0 1000 2324
0 1000 2372
0 1000 2420
0 1000 1916
0 1000 2588
0 1000 2156
0 1000 2276
0 1000 2240
0 1000 2216
0 1000 2180
0 1000 2228
0 1000 3008
0 1000 2228
0 1000 2096
0 1000 2132
0 1000 2228
0 1000 2228
0 1000 2288
0 1000 2216
0 1000 2504
0 1000 2300
0 1000 2096
0 1000 2480
0 1000 2192
0 1000 2276
0 1000 2252
0 1000 2492
0 1000 2156
0 1000 2300
0 1000 2240
0 1000 2288
0 1000 2312
0 1000 2336
0 1000 2240
0 1000 2132
0 1000 2288
0 1000 2228
0 1000 2264
0 1000 2264
0 1000 2324
0 1000 2348
0 1000 2312
0 1000 2456
0 1000 2324
0 1000 2360
0 1000 2300
0 1000 2276
0 1000 2408
0 1000 2228
0 1000 2264
0 1000 2252
0 1000 2228
0 1000 2288
0 1000 2288
0 1000 2300
0 1000 2252
0 1000 2276
0 1000 2288
0 1000 2240
0 1000 2312
0 1000 2240
0 1000 2264
0 1000 2312
0 1000 2324
0 1000 2624
0 1000 2288
0 1000 2312
0 1000 2288
0 1000 2288
0 1000 2264
0 1000 2288
0 1000 2288
0 1000 2312
0 1000 2348
0 1000 2300
0 1000 2456
0 1000 2288
0 1000 2300
0 1000 2312
0 1000 2180
0 1000 2312
0 1000 2288
0 1000 2300
0 1000 2324
0 1000 2276
0 1000 2276
0 1000 2252
0 1000 2276
0 1000 2264
0 1000 2372
0 1000 2228
0 1000 2300
0 1000 2276
0 1000 2288
0 1000 2264
0 1000 2324
0 1000 2312
0 1000 2276
0 1000 2276
0 1000 2288
0 1000 2336
0 1000 2264
0 1000 2300
0 1000 2288
0 1000 2252
0 1000 2312
0 1000 2288
0 1000 2324
0 1000 2276
0 1000 2300
0 1000 2252
0 1000 2336
0 1000 2300
0 1000 2300
0 1000 2324
0 1000 2372
0 1000 2312
0 1000 2300
0 1000 2312
0 1000 2288
0 1000 2300
0 1000 2288
0 1000 2300
0 1000 2288
0 1000 2252
0 1000 2276
0 1000 2264
0 1000 2276
0 1000 2312
0 1000 2288
0 1000 2264
0 1000 2312
0 1000 2312
0 1000 2300
0 1000 2300
0 1000 2264
0 1000 2264
0 1000 2276
0 1000 2300
0 1000 2288
0 1000 2216
0 1000 2288
0 1000 2288
0 1000 2300
0 1000 2276
0 1000 2312
0 1000 2276
0 1000 2240
0 1000 2312
0 1000 2288
0 1000 2300
0 1000 2300
0 1000 2264
0 1000 2348
0 1000 2288
0 1000 2312
0 1000 2360
0 1000 2264
0 1000 2288
0 1000 2300
0 1000 2324
0 1000 2312
0 1000 2300
0 1000 2336
0 1000 2444
0 1000 2300
0 1000 2384
0 1000 2324
0 1000 2276
0 1000 2324
0 1000 2324
0 1000 2420
0 1000 2276
0 1000 2252
0 1000 2288
0 1000 2288
0 1000 2300
0 1000 2288
0 1000 2324
0 1000 2252
0 1000 2300
0 1000 2300
0 1000 2288
0 1000 2300
0 1000 2312
0 1000 2276
0 1000 2312
0 1000 2288
0 1000 2288
0 1000 2168
0 1000 2312
0 1000 2036
0 1000 2564
0 1000 2240
0 1000 2048
0 1000 2660
0 1000 2048
0 1000 2672
0 1000 2216
0 1000 2240
0 1000 2624
0 1000 1556
0 1000 2288
0 1000 2600
0 1000 2144
0 1000 2936
0 1000 2792
0 1000 620
0 1000 3068
0 1000 2816
0 1000 2600
0 1000 -1276
0 1000 2180
0 1000 2108
0 1000 1616
0 1000 2036
0 1000 3140
0 1000 3032
0 1000 1160
0 1000 3320
0 1000 500
0 1000 2276
0 1000 2648
0 1000 1700
0 1000 1952
0 1000 2864
0 1000 920
0 1000 2180
0 1000 1196
0 1000 4124
0 1000 1760
0 1000 2696
0 1000 1964
0 1000 2744
0 1000 1232
0 1000 2264
0 1000 1712
0 1000 2672
0 1000 3284
0 1000 1976
0 1000 2372
0 1000 1892
0 1000 1796
0 1000 2156
0 1000 2288
0 1000 776
0 1000 3740
0 1000 548
0 1000 1772
0 1000 1724
0 1000 1604
0 1000 3524
0 1000 2396
0 1000 1016
0 1000 2300
0 1000 1208
0 1000 1736
0 1000 1760
0 1000 2288
0 1000 3068
0 1000 1496
0 1000 2636
0 1000 2192
0 1000 2060
0 1000 1688
0 1000 2252
0 1000 1904
0 1000 2024
0 1000 1628
0 1000 2000
0 1000 2612
0 1000 2108
0 1000 1676
0 1000 1832
0 1000 1676
0 1000 1868
0 1000 2780
0 1000 2864
0 1000 2564
0 1000 3404
0 1000 980
0 1000 3416
0 1000 2324
0 1000 2180
0 1000 2984
0 1000 1700
0 1000 1376
0 1000 1772
0 1000 2132
0 1000 2276
0 1000 2672
0 1000 1556
0 1000 3152
0 1000 1748
0 1000 2468
0 1000 2924
0 1000 2024
0 1000 2240
0 1000 2456
0 1000 944
0 1000 2456
0 1000 2072
0 1000 3080
0 1000 3164
0 1000 3260
0 1000 2108
0 1000 1796
0 1000 2168
0 1000 1712
0 1000 2324
0 1000 3080
0 1000 2504
0 1000 2864
0 1000 2456
0 1000 3224
0 1000 1976
0 1000 2540
0 1000 1832
0 1000 872
0 1000 2024
0 1000 2348
0 1000 2000
0 1000 1748
0 1000 2528
0 1000 2144
0 1000 1964
0 1000 2684
0 1000 2060
0 1000 3620
0 1000 2624
0 1000 2000
0 1000 2000
0 1000 4220
0 1000 2396
0 1000 2216
0 1000 2384
0 1000 1880
0 1000 3056
0 1000 1136
0 1000 2888
0 1000 1988
0 1000 2828
0 1000 1616
0 1000 2084
0 1000 2168
0 1000 1964
0 1000 3056
0 1000 2828
0 1000 2036
0 1000 2396
0 1000 2792
0 1000 2960
0 1000 2900
0 1000 2132
0 1000 1880
0 1000 1964
0 1000 2060
0 1000 2696
0 1000 2624
0 1000 2264
0 1000 2024
0 1000 2600
0 1000 1892
0 1000 2564
0 1000 3416
0 1000 2276
0 1000 2264
0 1000 2072
0 1000 3104
0 1000 1940
0 1000 2612
0 1000 1892
0 1000 2276
0 1000 1928
0 1000 2840
0 1000 1808
0 1000 2072
0 1000 2276
0 1000 2060
0 1000 2228
0 1000 1964
0 1000 2108
0 1000 2060
0 1000 2012
0 1000 2084
0 1000 2096
0 1000 2684
0 1000 2204
0 1000 1676
0 1000 2168
0 1000 2780
0 1000 2324
0 1000 2744
0 1000 1676
0 1000 2108
0 1000 2216
0 1000 2312
0 1000 2648
0 1000 1760
0 1000 2156
0 1000 1940
0 1000 2084
0 1000 2288
0 1000 2216
0 1000 2504
0 1000 2048
0 1000 1940
0 1000 2048
0 1000 3248
0 1000 1268
0 1000 2264
0 1000 1700
0 1000 1892
0 1000 3248
0 1000 2984
0 1000 2324
0 1000 2396
0 1000 2360
0 1000 2276
0 1000 2168
0 1000 2300
0 1000 2084
0 1000 2144
0 1000 1592
0 1000 2276
0 1000 2216
0 1000 2924
0 1000 1772
0 1000 2144
0 1000 1868
0 1000 2276
0 1000 2204
0 1000 2708
0 1000 2276
0 1000 2492
0 1000 1676
0 1000 2156
0 1000 1712
0 1000 2312
0 1000 2252
0 1000 2276
0 1000 2804
0 1000 2084
0 1000 2276
0 1000 2468
0 1000 2276
0 1000 2324
0 1000 2168
0 1000 2288
0 1000 2396
0 1000 2564
0 1000 2252
0 1000 2252
0 1000 2300
0 1000 2300
0 1000 2492
0 1000 2300
0 1000 2324
0 1000 2324
0 1000 2360
0 1000 2348
0 1000 2120
0 1000 2420
0 1000 2468
0 1000 2396
0 1000 2420
0 1000 2192
0 1000 2312
0 1000 3812
0 1000 2264
0 1000 2792
0 1000 2180
0 1000 2228
0 1000 2228
0 1000 2444
0 1000 2024
0 1000 2120
0 1000 2348
0 1000 2192
0 1000 2300
0 1000 2276
0 1000 2372
0 1000 2204
0 1000 1688
0 1000 2300
0 1000 2252
0 1000 2360
0 1000 2300
0 1000 2288
0 1000 2216
0 1000 2492
0 1000 2252
0 1000 2300
0 1000 2288
0 1000 2276
0 1000 1376
0 1000 2636
0 1000 2252
0 1000 2360
0 1000 2300
0 1000 2264
0 1000 2372
0 1000 2348
0 1000 2360
0 1000 2324
0 1000 2288
0 1000 2288
0 1000 2312
0 1000 2300
0 1000 2288
0 1000 2300
0 1000 2276
0 1000 2312
0 1000 2312
0 1000 2360
0 1000 2276
0 1000 2288
0 1000 2336
0 1000 2348
0 1000 2336
0 1000 2324
0 1000 2288
0 1000 2324
0 1000 2312
0 1000 2324
0 1000 2276
0 1000 2324
0 1000 2324
0 1000 2324
0 1000 2360
0 1000 2336
0 1000 2336
0 1000 2312
0 1000 2384
0 1000 2300
0 1000 2312
0 1000 2276
0 1000 2312
0 1000 2300
0 1000 2360
0 1000 2312
0 1000 2276
0 1000 2288
0 1000 2264
0 1000 2300
0 1000 2324
0 1000 2324
0 1000 2336
0 1000 2348
0 1000 2336
0 1000 2324
0 1000 2324
0 1000 2288
0 1000 2336
0 1000 2336
0 1000 2300
0 1000 2396
0 1000 2312
0 1000 2288
0 1000 2336
0 1000 2336
0 1000 2312
0 1000 2300
0 1000 2300
0 1000 2360
0 1000 2348
0 1000 2348
0 1000 2324
0 1000 2312
0 1000 2312
0 1000 2324
0 1000 2288
0 1000 2300
0 1000 2312
0 1000 2288
0 1000 2324
0 1000 2300
0 1000 2312
0 1000 2312
0 1000 2300
0 1000 2312
0 1000 2348
0 1000 2372
0 1000 2288
0 1000 2300
0 1000 2300
0 1000 2300
0 1000 2288
0 1000 2288
0 1000 2312
0 1000 2312
0 1000 2312
0 1000 2336
0 1000 2300
0 1000 2300
0 1000 2312
0 1000 2324
0 1000 2360
0 1000 2108
0 1000 2240
0 1000 2348
0 1000 2264
0 1000 2324
0 1000 1964
0 1000 2876
0 1000 2276
0 1000 2108
0 1000 3044
0 1000 1928
0 1000 2276
0 1000 2828
0 1000 596
0 1000 3176
0 1000 1856
0 1000 1376
0 1000 3236
0 1000 -280
0 1000 4364
0 1000 1316
0 1000 2540
0 1000 1316
0 1000 3464
0 1000 2144
0 1000 2084
0 1000 4256
0 1000 2756
0 1000 1844
0 1000 1328
0 1000 2240
0 1000 2252
0 1000 3368
0 1000 3044
0 1000 944
0 1000 1772
0 1000 2048
0 1000 3032
0 1000 320
0 1000 3248
0 1000 2528
0 1000 3488
0 1000 -28
0 1000 1388
0 1000 3032
0 1000 1760
0 1000 644
0 1000 4460
0 1000 2084
0 1000 2492
0 1000 3152
0 1000 1364
0 1000 1892
0 1000 2216
0 1000 1700
0 1000 3332
0 1000 1928
0 1000 1316
0 1000 2288
0 1000 4472
0 1000 1988
0 1000 932
0 1000 2360
0 1000 2372
0 1000 3188
0 1000 3224
0 1000 2660
0 1000 5264
0 1000 464
0 1000 5036
0 1000 1616
0 1000 1976
0 1000 4364
0 1000 1904
0 1000 2660
0 1000 2312
0 1000 1676
0 1000 2708
0 1000 2000
0 1000 632
0 1000 2948
0 1000 2720
0 1000 -184
0 1000 2252
0 1000 4364
0 1000 1904
0 1000 2540
0 1000 1412
0 1000 2840
0 1000 1640
0 1000 4028
0 1000 1244
0 1000 2708
0 1000 2876
0 1000 1844
0 1000 2300
0 1000 1508
0 1000 2828
0 1000 1364
0 1000 1664
0 1000 2156
0 1000 2756
0 1000 1088
0 1000 3104
0 1000 2456
0 1000 2192
0 1000 2432
0 1000 3380
0 1000 1280
0 1000 1412
0 1000 2768
0 1000 1844
0 1000 236
0 1000 3020
0 1000 1700
0 1000 2060
0 1000 824
0 1000 5084
0 1000 1088
0 1000 3188
0 1000 2768
0 1000 452
0 1000 2876
0 1000 2504
0 1000 2804
0 1000 2840
0 1000 1952
0 1000 1916
0 1000 3788
0 1000 3464
0 1000 1052
0 1000 3404
0 1000 2708
0 1000 2036
0 1000 2780
0 1000 1724
0 1000 2396
0 1000 2636
0 1000 2096
0 1000 4712
0 1000 1628
0 1000 2492
0 1000 872
0 1000 4364
0 1000 2288
0 1000 1232
0 1000 4448
0 1000 848
0 1000 3872
0 1000 992
0 1000 4772
0 1000 2336
0 1000 1796
0 1000 2324
0 1000 1784
0 1000 2456
0 1000 2756
0 1000 1808
0 1000 2276
0 1000 2036
0 1000 3332
0 1000 2624
0 1000 2504
0 1000 2636
0 1000 1772
0 1000 1928
0 1000 2900
0 1000 3068
0 1000 848
0 1000 2528
0 1000 1784
0 1000 4268
0 1000 1292
0 1000 2156
0 1000 1844
0 1000 1976
0 1000 3788
0 1000 1868
0 1000 2648
0 1000 2684
0 1000 1832
0 1000 2132
0 1000 1124
0 1000 3668
0 1000 1916
0 1000 3716
0 1000 860
0 1000 4328
0 1000 3200
0 1000 2204
0 1000 1040
0 1000 2768
0 1000 3332
0 1000 4040
0 1000 2180
0 1000 2888
0 1000 2876
0 1000 1964
0 1000 2360
0 1000 1460
0 1000 872
0 1000 3788
0 1000 2300
0 1000 2360
0 1000 2132
0 1000 1928
0 1000 1712
0 1000 2960
0 1000 3476
0 1000 908
0 1000 4436
0 1000 1472
0 1000 3296
0 1000 2156
0 1000 2168
0 1000 3104
0 1000 572
0 1000 4256
0 1000 2912
0 1000 1424
0 1000 3428
0 1000 2264
0 1000 1760
0 1000 1904
0 1000 2588
0 1000 1736
0 1000 2600
0 1000 1796
0 1000 1844
0 1000 3092
0 1000 1808
0 1000 2084
0 1000 3392
0 1000 2276
0 1000 3044
0 1000 2072
0 1000 1280
0 1000 3152
0 1000 1124
0 1000 4184
0 1000 1856
0 1000 1700
0 1000 2024
0 1000 2084
0 1000 3128
0 1000 -880
0 1000 488
0 1000 1928
0 1000 1352
0 1000 3176
0 1000 1412
0 1000 1172
0 1000 152
0 1000 3668
0 1000 4952
0 1000 1268
0 1000 5276
0 1000 1664
0 1000 2264
0 1000 3944
0 1000 2252
0 1000 1916
0 1000 3788
0 1000 1244
0 1000 1808
0 1000 3296
0 1000 1496
0 1000 4868
0 1000 2204
0 1000 3188
0 1000 1172
0 1000 4400
0 1000 2144
0 1000 3116
0 1000 1592
0 1000 2768
0 1000 2048
0 1000 4496
0 1000 2972
0 1000 3416
0 1000 1148
0 1000 2648
0 1000 3428
0 1000 2336
0 1000 3116
0 1000 2024
0 1000 3116
0 1000 1676
0 1000 1916
0 1000 1316
0 1000 2732
0 1000 1280
0 1000 1436
0 1000 1268
0 1000 2588
0 1000 1700
0 1000 2240
0 1000 1832
0 1000 2552
0 1000 2096
0 1000 1352
0 1000 2420
0 1000 2336
0 1000 2888
0 1000 2180
0 1000 2276
0 1000 2252
0 1000 2828
0 1000 1544
0 1000 1292
0 1000 2948
0 1000 2336
0 1000 2852
0 1000 2132
0 1000 1304
0 1000 3332
0 1000 1784
0 1000 1568
0 1000 4136
0 1000 1976
0 1000 2756
0 1000 3884
0 1000 1484
0 1000 740
0 1000 3308
0 1000 2036
0 1000 560
0 1000 3560
0 1000 2900
0 1000 2984
0 1000 2120
0 1000 2396
0 1000 2204
0 1000 1700
0 1000 2096
0 1000 2240
0 1000 2408
0 1000 2960
0 1000 2732
0 1000 1592
0 1000 2888
0 1000 1484
0 1000 3068
0 1000 1100
0 1000 2240
0 1000 1148
0 1000 3560
0 1000 1904
0 1000 2180
0 1000 2288
0 1000 2828
0 1000 2192
0 1000 2792
0 1000 2492
0 1000 2096
0 1000 2204
0 1000 2852
0 1000 1928
0 1000 2156
0 1000 3056
0 1000 1772
0 1000 1880
0 1000 3008
0 1000 2624
0 1000 2048
0 1000 1412
0 1000 2984
0 1000 2288
0 1000 2216
0 1000 2012
0 1000 2168
0 1000 2480
0 1000 2708
0 1000 2216
0 1000 2216
0 1000 2084
0 1000 1940
0 1000 2180
0 1000 2804
0 1000 1340
0 1000 2840
0 1000 2000
0 1000 2156
0 1000 2600
0 1000 2108
0 1000 2288
0 1000 2480
0 1000 1796
0 1000 2516
0 1000 2696
0 1000 1808
0 1000 2528
0 1000 2288
0 1000 2228
0 1000 2408
0 1000 1748
0 1000 2276
0 1000 1328
0 1000 3284
0 1000 2060
0 1000 2480
0 1000 1976
0 1000 3188
0 1000 2300
0 1000 2288
0 1000 2048
0 1000 2120
0 1000 2216
0 1000 2156
0 1000 2072
0 1000 2408
0 1000 1796
0 1000 2600
0 1000 2192
0 1000 1940
0 1000 1928
0 1000 3344
0 1000 2120
0 1000 2900
0 1000 2180
0 1000 2312
0 1000 1472
0 1000 2276
0 1000 2348
0 1000 2384
0 1000 3392
0 1000 1688
0 1000 2684
0 1000 2624
0 1000 2696
0 1000 1952
0 1000 1400
0 1000 2900
0 1000 2456
0 1000 2432
0 1000 2264
0 1000 2048
0 1000 2180
0 1000 1760
0 1000 2300
0 1000 2384
0 1000 1652
0 1000 1976
0 1000 2300
0 1000 2468
0 1000 2144
0 1000 2924
0 1000 1460
0 1000 2096
0 1000 3176
0 1000 2096
0 1000 2372
0 1000 1352
0 1000 2228
0 1000 2168
0 1000 1736
0 1000 2888
0 1000 2252
0 1000 2036
0 1000 1376
0 1000 3500
0 1000 1880
0 1000 1352
0 1000 2120
0 1000 1904
0 1000 2504
0 1000 1784
0 1000 2660
0 1000 1916
0 1000 2120
0 1000 1688
0 1000 2360
0 1000 2276
0 1000 2012
0 1000 2756
0 1000 1352
0 1000 2324
0 1000 2672
0 1000 2396
0 1000 2180
0 1000 1892
0 1000 1904
0 1000 2204
0 1000 2168
0 1000 2492
0 1000 2540
0 1000 2012
0 1000 2372
0 1000 2120
0 1000 2276
0 1000 2048
0 1000 2708
0 1000 2216
0 1000 2300
0 1000 2288
0 1000 2288
0 1000 2216
0 1000 2324
0 1000 2348
0 1000 2252
0 1000 2252
0 1000 2312
0 1000 2312
0 1000 2312
0 1000 2300
0 1000 2288
0 1000 2324
0 1000 2240
0 1000 2228
0 1000 2324
0 1000 2324
0 1000 2336
0 1000 2312
0 1000 2300
0 1000 2276
0 1000 2276
0 1000 2300
0 1000 2312
0 1000 2288
0 1000 2348
0 1000 2336
0 1000 2300
0 1000 2360
0 1000 2276
0 1000 2276
0 1000 2300
0 1000 2324
0 1000 2336
0 1000 2360
0 1000 2300
0 1000 2300
0 1000 2348
0 1000 2312
0 1000 2300
0 1000 2312
0 1000 2336
0 1000 2372
0 1000 2312
0 1000 2312
0 1000 2300
0 1000 2276
0 1000 2372
0 1000 2384
0 1000 2324
0 1000 2312
0 1000 2300
0 1000 2300
0 1000 2276
0 1000 2288
0 1000 2264
0 1000 2264
0 1000 2312
0 1000 2312
0 1000 2324
0 1000 2312
0 1000 2312
0 1000 2300
0 1000 2324
0 1000 2300
0 1000 2324
0 1000 2300
0 1000 2288
0 1000 2312
0 1000 2312
0 1000 2288
0 1000 2384
0 1000 2312
0 1000 2264
0 1000 2300
0 1000 2324
0 1000 2300
0 1000 2300
0 1000 2288
0 1000 2312
0 1000 2336
0 1000 2300
0 1000 2300
0 1000 2336
0 1000 2276
0 1000 2312
0 1000 2312
0 1000 2300
0 1000 2312
0 1000 2360
0 1000 2300
0 1000 2324
0 1000 2312
0 1000 2300
0 1000 2288
0 1000 2300
0 1000 2360
0 1000 2312
0 1000 2312
0 1000 2276
0 1000 2324
0 1000 2324
0 1000 2312
0 1000 2312
0 1000 2324
0 1000 2264
0 1000 2288
0 1000 2348
0 1000 2324
0 1000 2312
0 1000 2300
0 1000 2336
0 1000 2312
0 1000 2300
0 1000 2300
0 1000 2300
0 1000 2312
0 1000 2312
0 1000 2312
0 1000 2300
0 1000 2324
0 1000 2300
0 1000 2312
0 1000 2324
0 1000 2324
0 1000 2300
0 1000 2324
0 1000 2360
0 1000 2312
0 1000 2312
0 1000 2300
0 1000 2288
0 1000 2192
0 1000 2372
0 1000 2324
0 1000 2300
0 1000 2300
0 1000 2312
0 1000 2324
0 1000 2324
0 1000 2264
0 1000 2312
0 1000 2264
0 1000 2312
0 1000 2336
0 1000 2288
0 1000 2288
0 1000 2312
0 1000 2336
0 1000 2324
0 1000 2264
0 1000 2372
0 1000 2276
0 1000 2300
0 1000 1508
0 1000 3524
0 1000 1616
0 1000 3008
0 1000 2228
0 1000 2408
0 1000 2384
0 1000 2276
0 1000 2348
0 1000 1748
0 1000 2180
0 1000 2336
0 1000 2324
0 1000 2336
0 1000 2216
0 1000 1700
0 1000 3260
0 1000 2024
0 1000 2216
0 1000 2156
0 1000 2156
0 1000 2732
0 1000 2336
0 1000 2096
0 1000 1952
0 1000 2204
0 1000 1328
0 1000 1076
0 1000 2684
0 1000 2072
0 1000 2036
0 1000 2060
0 1000 3344
0 1000 1148
0 1000 2072
0 1000 2840
0 1000 1940
0 1000 2312
0 1000 2384
0 1000 2132
0 1000 2348
0 1000 2264
0 1000 2264
0 1000 2312
0 1000 3932
0 1000 1952
0 1000 1820
0 1000 2240
0 1000 3980
0 1000 1616
0 1000 2216
0 1000 2876
0 1000 2228
0 1000 2996
0 1000 2264
0 1000 1472
0 1000 2108
0 1000 1292
0 1000 2180
0 1000 1376
0 1000 2480
0 1000 2036
0 1000 3680
0 1000 2204
0 1000 3188
0 1000 2216
0 1000 2228
0 1000 2468
0 1000 1928
0 1000 2108
0 1000 1976
0 1000 2192
0 1000 2120
0 1000 2384
0 1000 2624
0 1000 1592
0 1000 1556
0 1000 2096
0 1000 3908
0 1000 2240
0 1000 2492
0 1000 2792
0 1000 2372
0 1000 1916
0 1000 2024
0 1000 2204
0 1000 1988
0 1000 2960
0 1000 1808
0 1000 2000
0 1000 2336
0 1000 2936
0 1000 2780
0 1000 2192
0 1000 2000
0 1000 3320
0 1000 2756
0 1000 1964
0 1000 2564
0 1000 2036
0 1000 2864
0 1000 4004
0 1000 2792
0 1000 2408
0 1000 1928
0 1000 2144
0 1000 3140
0 1000 1796
0 1000 2288
0 1000 2132
0 1000 2300
0 1000 2312
0 1000 2384
0 1000 2636
0 1000 2636
0 1000 1880
0 1000 2528
0 1000 2000
0 1000 2204
0 1000 2900
0 1000 1976
0 1000 2720
0 1000 3092
0 1000 2036
0 1000 2372
0 1000 2084
0 1000 2180
0 1000 2084
0 1000 1952
0 1000 1856
0 1000 2108
0 1000 2000
0 1000 2204
0 1000 2528
0 1000 2204
0 1000 2012
0 1000 2828
0 1000 2096
0 1000 2264
0 1000 2984
0 1000 2924
0 1000 2024
0 1000 1964
0 1000 2264
0 1000 2732
0 1000 2120
0 1000 2144
0 1000 2324
0 1000 3164
0 1000 2000
0 1000 2156
0 1000 1928
0 1000 2192
0 1000 2576
0 1000 2252
0 1000 2444
0 1000 2360
0 1000 2492
0 1000 1592
0 1000 2240
0 1000 2348
0 1000 2204
0 1000 2804
0 1000 2108
0 1000 3224
0 1000 2252
0 1000 3152
0 1000 2456
0 1000 2180
0 1000 2156
0 1000 2216
0 1000 2708
0 1000 2792
0 1000 2216
0 1000 2444
0 1000 2912
0 1000 2204
0 1000 2792
0 1000 2120
0 1000 1892
0 1000 1724
0 1000 2108
0 1000 2204
0 1000 2564
0 1000 2060
0 1000 2252
0 1000 2180
0 1000 1976
0 1000 2888
0 1000 2192
0 1000 2480
0 1000 2372
0 1000 2312
0 1000 2528
0 1000 2348
0 1000 2840
0 1000 2228
0 1000 2444
0 1000 2444
0 1000 3092
0 1000 2420
0 1000 2684
0 1000 2216
0 1000 1916
0 1000 2204
0 1000 2216
0 1000 2852
0 1000 3140
0 1000 2192
0 1000 2168
0 1000 2864
0 1000 2564
0 1000 3092
0 1000 2000
0 1000 2216
0 1000 2288
0 1000 2096
0 1000 2888
0 1000 2120
0 1000 2048
0 1000 2180
0 1000 2204
0 1000 2048
0 1000 2264
0 1000 2864
0 1000 2276
0 1000 3080
0 1000 2384
0 1000 2216
0 1000 2492
0 1000 1232
0 1000 2180
0 1000 2096
0 1000 2456
0 1000 1784
0 1000 2096
0 1000 3464
0 1000 3392
0 1000 2036
0 1000 2084
0 1000 2348
0 1000 3224
0 1000 2348
0 1000 2648
0 1000 2408
0 1000 1976
0 1000 2312
0 1000 2408
0 1000 2420
0 1000 2444
0 1000 2204
0 1000 2132
0 1000 2144
0 1000 2408
0 1000 2036
0 1000 2084
0 1000 2192
0 1000 3164
0 1000 2576
0 1000 1892
0 1000 2480
0 1000 2792
0 1000 2168
0 1000 2300
0 1000 2612
0 1000 3104
0 1000 1760
0 1000 1844
0 1000 2600
0 1000 2708
0 1000 2156
0 1000 2780
0 1000 2348
0 1000 2036
0 1000 1952
0 1000 2096
0 1000 2060
0 1000 2108
0 1000 2132
0 1000 2360
0 1000 2168
0 1000 1988
0 1000 2324
0 1000 2228
0 1000 1928
0 1000 2432
0 1000 2336
0 1000 2408
0 1000 2672
0 1000 2252
0 1000 2504
0 1000 2444
0 1000 2648
0 1000 2348
0 1000 2336
0 1000 2408
0 1000 2816
0 1000 2384
0 1000 2624
0 1000 1832
0 1000 2240
0 1000 2576
0 1000 3188
0 1000 2600
0 1000 1976
0 1000 2216
0 1000 2396
0 1000 2504
0 1000 2660
0 1000 2564
0 1000 2792
0 1000 2492
0 1000 2084
0 1000 2636
0 1000 1664
0 1000 2108
0 1000 2420
0 1000 2624
0 1000 2120
0 1000 2516
0 1000 2072
0 1000 2168
0 1000 2516
0 1000 2492
0 1000 2768
0 1000 2240
0 1000 3152
0 1000 2288
0 1000 1688
0 1000 2168
0 1000 2120
0 1000 2396
0 1000 2984
0 1000 2072
0 1000 2324
0 1000 2264
0 1000 3140
0 1000 1868
0 1000 2144
0 1000 2192
0 1000 2144
0 1000 1964
0 1000 2324
0 1000 2168
0 1000 2288
0 1000 2216
0 1000 2240
0 1000 1976
0 1000 2264
0 1000 2084
0 1000 2228
0 1000 3080
0 1000 2252
0 1000 2468
0 1000 2456
0 1000 2180
0 1000 2396
0 1000 2288
0 1000 2108
0 1000 2252
0 1000 2876
0 1000 1616
0 1000 2036
0 1000 2300
0 1000 2600
0 1000 3188
0 1000 2156
0 1000 2300
0 1000 2432
0 1000 2120
0 1000 2576
0 1000 2276
0 1000 2060
0 1000 2000
0 1000 2144
0 1000 3188
0 1000 2204
0 1000 2192
0 1000 2156
0 1000 2624
0 1000 2456
0 1000 2444
0 1000 2696
0 1000 1628
0 1000 2132
0 1000 2252
0 1000 1976
0 1000 2312
0 1000 2264
0 1000 2288
0 1000 3476
0 1000 2240
0 1000 2192
0 1000 2252
0 1000 2276
0 1000 2228
0 1000 1700
0 1000 2204
0 1000 2288
0 1000 2300
0 1000 2276
0 1000 2288
0 1000 2288
0 1000 2300
0 1000 2168
0 1000 2240
0 1000 2216
0 1000 2312
0 1000 2324
0 1000 2324
0 1000 2156
0 1000 2384
0 1000 2204
0 1000 2408
0 1000 2264
0 1000 2312
0 1000 2312
0 1000 2288
0 1000 2312
0 1000 2000
0 1000 2264
0 1000 2348
0 1000 2252
0 1000 2252
0 1000 2180
0 1000 2348
0 1000 2600
0 1000 2156
0 1000 2252
0 1000 2192
0 1000 2336
0 1000 2264
0 1000 2252
0 1000 2372
0 1000 2096
0 1000 2348
0 1000 2372
0 1000 2360
0 1000 2264
0 1000 2456
0 1000 2528
0 1000 2300
0 1000 2360
0 1000 2372
0 1000 2384
0 1000 2252
0 1000 2084
0 1000 2264
0 1000 2300
0 1000 2300
0 1000 2360
0 1000 2396
0 1000 2612
0 1000 2336
0 1000 2564
0 1000 2168
0 1000 2300
0 1000 2240
0 1000 2312
0 1000 1916
0 1000 2252
0 1000 2264
0 1000 2276
0 1000 2264
0 1000 2360
0 1000 2168
0 1000 2456
0 1000 2108
0 1000 2552
0 1000 2276
0 1000 2348
0 1000 2324
0 1000 2324
0 1000 2360
0 1000 2324
0 1000 2348
0 1000 2336
0 1000 2336
0 1000 2336
0 1000 2348
0 1000 2336
0 1000 2336
0 1000 2372
0 1000 2324
0 1000 2360
0 1000 2336
0 1000 2324
0 1000 2336
0 1000 2336
0 1000 2348
0 1000 2324
0 1000 2360
0 1000 2360
0 1000 2324
0 1000 2348
0 1000 2336
0 1000 2336
0 1000 2324
0 1000 2360
0 1000 2324
0 1000 2360
0 1000 2336
0 1000 2324
0 1000 2336
0 1000 2372
0 1000 2372
0 1000 2312
0 1000 2336
0 1000 2348
0 1000 2348
0 1000 2348
0 1000 2336
0 1000 2312
0 1000 2300
0 1000 2348
0 1000 2360
0 1000 2336
0 1000 2324
0 1000 2336
0 1000 2324
0 1000 2348
0 1000 2360
0 1000 2324
0 1000 2336
0 1000 2312
0 1000 2372
0 1000 2336
0 1000 2336
0 1000 2324
0 1000 2336
0 1000 2324
0 1000 2348
0 1000 2348
0 1000 2324
0 1000 2312
0 1000 2336
0 1000 2348
0 1000 2324
0 1000 2372
0 1000 2312
0 1000 2336
0 1000 2336
0 1000 2360
0 1000 2312
0 1000 2336
0 1000 2324
0 1000 2348
0 1000 2348
0 1000 2336
0 1000 2324
0 1000 2324
0 1000 2336
0 1000 2336
0 1000 2324
0 1000 2336
0 1000 2336
0 1000 2336
0 1000 2324
0 1000 2336
0 1000 2324
0 1000 2312
0 1000 2324
0 1000 2360
0 1000 2324
0 1000 2336
0 1000 2312
0 1000 2336
0 1000 2324
0 1000 2348
0 1000 2324
0 1000 2324
0 1000 2300
0 1000 2324
0 1000 2324
0 1000 2396
0 1000 2312
0 1000 2324
0 1000 2336
0 1000 2348
0 1000 2336
0 1000 2324
0 1000 2324
0 1000 2324
0 1000 2324
0 1000 2336
0 1000 2336
0 1000 2312
0 1000 2312
0 1000 2336
0 1000 2324
0 1000 2324
0 1000 2312
0 1000 2312
0 1000 2324
0 1000 2336
0 1000 2324
0 1000 2312
0 1000 2312
0 1000 2312
0 1000 2312
0 1000 2324
0 1000 2288
0 1000 2312
0 1000 2300
0 1000 2324
0 1000 2312
0 1000 2324
0 1000 2300
0 1000 2300
0 1000 2312
0 1000 2336
0 1000 2372
0 1000 2336
0 1000 2312
0 1000 2300
0 1000 2300
0 1000 2312
0 1000 2288
0 1000 2288
0 1000 2288
0 1000 2288
0 1000 2300
0 1000 2288
0 1000 2264
0 1000 2288
0 1000 2288
0 1000 2288
0 1000 2276
0 1000 2300
0 1000 2288
0 1000 2300
0 1000 2288
0 1000 2300
0 1000 2276
0 1000 2276
0 1000 2288
0 1000 2288
0 1000 2324
0 1000 2264
0 1000 2240
0 1000 2276
0 1000 2300
0 1000 2288
0 1000 2288
0 1000 2288
0 1000 2264
0 1000 2288
0 1000 2300
0 1000 2264
0 1000 2288
0 1000 2264
0 1000 2276
0 1000 2276
0 1000 2276
0 1000 2276
0 1000 2264
0 1000 2276
0 1000 2276
0 1000 2288
0 1000 2276
0 1000 2240
0 1000 2264
0 1000 2264
0 1000 2288
0 1000 2300
0 1000 2264
0 1000 2252
0 1000 2276
0 1000 2300
0 1000 2312
0 1000 2276
0 1000 2264
0 1000 2276
0 1000 2312
0 1000 2288
0 1000 2288
0 1000 2276
0 1000 2276
0 1000 2288
0 1000 2300
0 1000 2276
0 1000 2288
0 1000 2264
0 1000 2276
0 1000 2300
0 1000 2288
0 1000 2300
0 1000 2288
0 1000 2288
0 1000 2300
0 1000 2300
0 1000 2276
0 1000 2264
0 1000 2276
0 1000 2300
0 1000 2300
0 1000 2300
0 1000 2288
0 1000 2276
0 1000 2288
0 1000 2276
0 1000 2288
0 1000 2300
0 1000 2264
0 1000 2264
0 1000 2288
0 1000 2324
0 1000 2300
0 1000 2300
0 1000 2288
0 1000 2300
0 1000 2300
0 1000 2288
0 1000 2288
0 1000 2276
0 1000 2288
0 1000 2288
0 1000 2288
0 1000 2288
0 1000 2276
0 1000 2300
0 1000 2288
0 1000 2300
0 1000 2276
0 1000 2276
0 1000 2300
0 1000 2288
0 1000 2276
0 1000 2300
0 1000 2300
0 1000 2288
0 1000 2300
0 1000 2300
0 1000 2288
0 1000 2276
0 1000 2288
0 1000 2276
0 1000 2312
0 1000 2336
0 1000 2288
0 1000 2264
0 1000 2264
0 1000 2276
0 1000 2276
0 1000 2324
0 1000 2276
0 1000 2300
0 1000 2276
0 1000 2288
0 1000 2288
0 1000 2192
0 1000 2276
0 1000 2276
0 1000 2348
0 1000 2300
0 1000 2312
0 1000 2276
0 1000 2240
0 1000 2312
0 1000 2288
0 1000 2276
0 1000 2276
0 1000 2276
0 1000 2288
0 1000 2312
0 1000 2324
0 1000 2276
0 1000 2312
0 1000 2300
0 1000 2288
0 1000 2276
0 1000 2264
0 1000 2264
0 1000 2252
0 1000 2300
0 1000 2276
0 1000 2264
0 1000 2288
0 1000 2252
0 1000 2300
0 1000 2312
0 1000 2276
0 1000 2288
0 1000 2300
0 1000 2300
0 1000 2288
0 1000 2348
0 1000 2252
0 1000 2264
0 1000 2276
0 1000 2276
0 1000 2288
0 1000 2276
0 1000 2276
0 1000 2276
0 1000 2276
0 1000 2288
0 1000 2300
0 1000 2300
0 1000 2288
0 1000 2288
0 1000 2276
0 1000 2300
0 1000 2252
0 1000 2288
0 1000 2276
0 1000 2288
0 1000 2312
0 1000 2300
0 1000 2300
0 1000 2276
0 1000 2288
0 1000 2288
0 1000 2288
0 1000 2324
0 1000 2300
0 1000 2324
0 1000 2288
0 1000 2288
0 1000 2276
0 1000 2336
0 1000 2288
0 1000 2288
0 1000 2288
0 1000 2264
0 1000 2264
0 1000 2312
0 1000 2264
0 1000 2288
0 1000 2288
0 1000 2288
0 1000 2300
0 1000 2300
0 1000 2264
0 1000 2300
0 1000 2276
0 1000 2276
0 1000 2288
0 1000 2276
0 1000 2288
0 1000 2276
0 1000 2276
0 1000 2288
0 1000 2264
0 1000 2276
0 1000 2276
0 1000 2276
0 1000 2288
0 1000 2288
0 1000 2276
0 1000 2264
0 1000 2264
0 1000 2288
0 1000 2264
0 1000 2288
0 1000 2276
0 1000 2288
0 1000 2300
0 1000 2288
0 1000 2288
0 1000 2288
0 1000 2276
0 1000 2252
0 1000 2252
0 1000 2276
0 1000 2264
0 1000 2264
0 1000 2288
0 1000 2288
0 1000 2276
0 1000 2300
0 1000 2300
0 1000 2288
0 1000 2300
0 1000 2288
0 1000 2240
0 1000 2300
0 1000 2288
0 1000 2276
0 1000 2324
0 1000 2288
0 1000 2276
0 1000 2264
0 1000 2276
0 1000 2240
0 1000 2276
0 1000 2264
0 1000 2276
0 1000 2276
0 1000 2264
0 1000 2288
0 1000 2276
0 1000 2288
0 1000 2264
0 1000 2276
0 1000 2264
0 1000 2288
0 1000 2276
0 1000 2276
0 1000 2264
0 1000 2276
0 1000 2276
0 1000 2288
0 1000 2264
0 1000 2276
0 1000 2300
0 1000 2300
0 1000 2312
0 1000 2288
0 1000 2276
0 1000 2264
0 1000 2252
0 1000 2300
0 1000 2288
0 1000 2264
0 1000 2264
0 1000 2288
0 1000 2288
0 1000 2288
0 1000 2276
0 1000 2264
0 1000 2276
0 1000 2264
0 1000 2276
0 1000 2276
0 1000 2276
0 1000 2276
0 1000 2276
0 1000 2252
0 1000 2288
0 1000 2288
0 1000 2276
0 1000 2276
0 1000 2276
0 1000 2276
0 1000 2264
0 1000 2264
0 1000 2300
0 1000 2324
0 1000 2276
0 1000 2276
0 1000 2252
0 1000 2252
0 1000 2276
0 1000 2288
0 1000 2288
0 1000 2276
0 1000 2264
0 1000 2288
0 1000 2300
0 1000 2276
0 1000 2264
0 1000 2276
0 1000 2264
0 1000 2288
0 1000 2288
0 1000 2288
0 1000 2276
0 1000 2252
0 1000 2264
0 1000 2288
0 1000 2276
0 1000 2264
0 1000 2264
0 1000 2288
0 1000 2276
0 1000 2312
0 1000 2276
0 1000 2276
0 1000 2276
0 1000 2276
0 1000 2276
0 1000 2264
0 1000 2276
0 1000 2276
0 1000 2276
0 1000 2300
0 1000 2288
0 1000 2276
0 1000 2324
0 1000 2264
0 1000 2276
0 1000 2300
0 1000 2276
0 1000 2300
0 1000 2288
0 1000 2288
0 1000 2288
0 1000 2288
0 1000 2276
0 1000 2276
0 1000 2312
0 1000 2276
0 1000 2288
0 1000 2312
0 1000 2276
0 1000 2276
0 1000 2288
0 1000 2288
0 1000 2300
0 1000 2288
0 1000 2276
0 1000 2300
0 1000 2288
0 1000 2288
0 1000 2300
0 1000 2288
0 1000 2288
0 1000 2288
0 1000 2264
0 1000 2288
0 1000 2264
0 1000 2300
0 1000 2276
0 1000 2300
0 1000 2276
0 1000 2276
0 1000 2288
0 1000 2312
0 1000 2288
0 1000 2288
0 1000 2288
0 1000 2300
0 1000 2288
0 1000 2288
0 1000 2300
0 1000 2276
0 1000 2264
0 1000 2288
0 1000 2300
0 1000 2288
0 1000 2264
0 1000 2276
0 1000 2288
0 1000 2300
0 1000 2300
0 1000 2300
0 1000 2288
0 1000 2324
0 1000 2288
0 1000 2300
0 1000 2264
0 1000 2300
0 1000 2288
0 1000 2300
0 1000 2288
0 1000 2288
0 1000 2288
0 1000 2276
0 1000 2288
0 1000 2300
0 1000 2288
0 1000 2276
0 1000 2264
0 1000 2312
0 1000 2300
0 1000 2276
0 1000 2288
0 1000 2300
0 1000 2288
0 1000 2312
0 1000 2312
0 1000 2240
0 1000 2276
0 1000 2288
0 1000 2300
0 1000 2300
0 1000 2288
0 1000 2288
0 1000 2288
0 1000 2300
0 1000 2300
0 1000 2300
0 1000 2276
0 1000 2276
0 1000 2264
0 1000 2312
0 1000 2288
0 1000 2276
0 1000 2276
0 1000 2276
0 1000 2300
0 1000 2288
0 1000 2312
0 1000 2276
0 1000 2276
0 1000 2288
0 1000 2300
0 1000 2288
0 1000 2300
0 1000 2288
0 1000 2276
0 1000 2312
0 1000 2276
0 1000 2288
0 1000 2288
0 1000 2288
0 1000 2324
0 1000 2288
0 1000 2288
0 1000 2276
0 1000 2276
0 1000 2324
0 1000 2312
0 1000 2300
0 1000 2288
0 1000 2288
0 1000 2300
0 1000 2324
0 1000 2300
0 1000 2312
0 1000 2288
0 1000 2312
0 1000 2324
0 1000 2312
0 1000 2300
0 1000 2276
0 1000 2276
0 1000 2312
0 1000 2288
0 1000 2312
0 1000 2276
0 1000 2288
0 1000 2276
0 1000 2300
0 1000 2288
0 1000 2276
0 1000 2324
0 1000 2288
0 1000 2300
0 1000 2300
0 1000 2300
0 1000 2288
0 1000 2276
0 1000 2312
0 1000 2300
0 1000 2324
0 1000 2312
0 1000 2276
0 1000 2300
0 1000 2300
0 1000 2300
0 1000 2288
0 1000 2288
0 1000 2288
0 1000 2312
0 1000 2312
0 1000 2288
0 1000 2300
0 1000 2312
0 1000 2312
0 1000 2288
0 1000 2288
0 1000 2300
0 1000 2276
0 1000 2300
0 1000 2288
0 1000 2312
0 1000 2288
0 1000 2264
0 1000 2288
0 1000 2288
0 1000 2300
0 1000 2288
0 1000 2300
0 1000 2312
0 1000 2300
0 1000 2276
0 1000 2276
0 1000 2276
0 1000 2288
0 1000 2300
0 1000 2312
0 1000 2348
0 1000 2288
0 1000 2288
0 1000 2300
0 1000 2300
0 1000 2288
0 1000 2288
0 1000 2300
0 1000 2300
0 1000 2288
0 1000 2300
0 1000 2276
0 1000 2276
0 1000 2276
0 1000 2312
0 1000 2288
0 1000 2288
0 1000 2300
0 1000 2288
0 1000 2300
0 1000 2312
0 1000 2300
0 1000 2300
0 1000 2288
0 1000 2288
0 1000 2300
0 1000 2324
0 1000 2300
0 1000 2300
0 1000 2288
0 1000 2288
0 1000 2300
0 1000 2300
0 1000 2288
0 1000 2288
0 1000 2300
0 1000 2276
0 1000 2348
0 1000 2276
0 1000 2252
0 1000 2300
0 1000 2252
0 1000 2288
0 1000 2120
0 1000 2456
0 1000 2192
0 1000 2276
0 1000 2312
0 1000 2480
0 1000 1604
0 1000 2600
0 1000 2180
0 1000 2300
0 1000 2396
0 1000 2060
0 1000 3200
0 1000 2192
0 1000 2036
0 1000 1856
0 1000 2456
0 1000 1736
0 1000 2012
0 1000 1928
0 1000 1952
0 1000 3464
0 1000 1952
0 1000 1316
0 1000 2084
0 1000 3560
0 1000 2516
0 1000 2060
0 1000 2108
0 1000 1880
0 1000 2120
0 1000 2120
0 1000 2372
0 1000 4448
0 1000 2252
0 1000 2264
0 1000 3944
0 1000 2300
0 1000 2240
0 1000 1292
0 1000 2180
0 1000 3860
0 1000 2216
0 1000 3476
0 1000 2036
0 1000 4316
0 1000 2552
0 1000 2468
0 1000 2216
0 1000 908
0 1000 1832
0 1000 3560
0 1000 5192
0 1000 1952
0 1000 1376
0 1000 620
0 1000 2648
0 1000 5132
0 1000 3992
0 1000 1652
0 1000 3656
0 1000 2360
0 1000 1604
0 1000 2576
0 1000 2084
0 1000 5000
0 1000 2420
0 1000 644
0 1000 -196
0 1000 740
0 1000 2000
0 1000 1868
0 1000 6032
0 1000 2696
0 1000 7088
0 1000 2552
0 1000 1784
0 1000 1520
0 1000 1952
0 1000 1292
0 1000 2132
0 1000 1700
0 1000 2168
0 1000 2660
0 1000 2204
0 1000 2264
0 1000 2276
0 1000 2264
0 1000 2252
0 1000 2312
0 1000 2216
0 1000 2540
0 1000 2312
0 1000 2264
0 1000 2276
0 1000 2264
0 1000 2792
0 1000 2084
0 1000 2276
0 1000 2192
0 1000 2240
0 1000 2288
0 1000 2348
0 1000 2264
0 1000 2888
0 1000 2312
0 1000 2288
0 1000 2300
0 1000 2744
0 1000 2348
0 1000 2336
0 1000 2372
0 1000 2408
0 1000 2324
0 1000 2396
0 1000 3368
0 1000 2312
0 1000 2816
0 1000 2348
0 1000 2096
0 1000 2396
0 1000 2516
0 1000 2156
0 1000 2192
0 1000 1940
0 1000 2144
0 1000 2240
0 1000 2180
0 1000 2240
0 1000 2204
0 1000 2240
0 1000 2156
0 1000 2144
0 1000 2192
0 1000 2192
0 1000 2252
0 1000 2288
0 1000 2324
0 1000 2324
0 1000 2336
0 1000 2348
0 1000 2312
0 1000 2288
0 1000 2252
0 1000 2240
0 1000 2288
0 1000 2312
0 1000 2300
0 1000 2336
0 1000 2288
0 1000 2348
0 1000 2360
0 1000 2336
0 1000 2312
0 1000 2288
0 1000 2312
0 1000 2300
0 1000 2276
0 1000 2312
0 1000 2288
0 1000 2312
0 1000 2288
0 1000 2312
0 1000 2288
0 1000 2180
0 1000 2300
0 1000 2300
0 1000 2324
0 1000 2300
0 1000 2276
0 1000 2288
0 1000 2288
0 1000 2300
0 1000 2288
0 1000 2276
0 1000 2288
0 1000 2300
0 1000 2384
0 1000 2324
0 1000 2288
0 1000 2324
0 1000 2228
0 1000 2432
0 1000 2276
0 1000 2288
0 1000 2120
0 1000 2576
0 1000 2192
0 1000 2180
0 1000 1736
0 1000 2576
0 1000 1892
0 1000 2456
0 1000 2204
0 1000 2636
0 1000 2132
0 1000 2108
0 1000 2264
0 1000 2960
0 1000 1940
0 1000 3044
0 1000 1736
0 1000 2804
0 1000 1520
0 1000 2780
0 1000 2648
0 1000 2660
0 1000 2180
0 1000 1928
0 1000 1796
0 1000 1880
0 1000 2000
0 1000 2552
0 1000 1376
0 1000 1988
0 1000 2528
0 1000 3272
0 1000 920
0 1000 2060
0 1000 1568
0 1000 2612
0 1000 1916
0 1000 2348
0 1000 2468
0 1000 2564
0 1000 3032
0 1000 -508
0 1000 2684
0 1000 -364
0 1000 1244
0 1000 1460
0 1000 1892
0 1000 3260
0 1000 4496
0 1000 2072
0 1000 2504
0 1000 2204
0 1000 3836
0 1000 2264
0 1000 1976
0 1000 2240
0 1000 2252
0 1000 2228
0 1000 2288
0 1000 2312
0 1000 2336
0 1000 1820
0 1000 2216
0 1000 2228
0 1000 2288
0 1000 2300
0 1000 2348
0 1000 2300
0 1000 2528
0 1000 2240
0 1000 2204
0 1000 2288
0 1000 2360
0 1000 2192
0 1000 1976
0 1000 2288
0 1000 2672
0 1000 2336
0 1000 2312
0 1000 2264
0 1000 2684
0 1000 2024
0 1000 2168
0 1000 2348
0 1000 2420
0 1000 2180
0 1000 2324
0 1000 2228
0 1000 2288
0 1000 2480
0 1000 2144
0 1000 2276
0 1000 2336
0 1000 2204
0 1000 2432
0 1000 2540
0 1000 2156
0 1000 2252
0 1000 2276
0 1000 2312
0 1000 2312
0 1000 2300
0 1000 2276
0 1000 2216
0 1000 2216
0 1000 2276
0 1000 2336
0 1000 2300
0 1000 2324
0 1000 2300
0 1000 2264
0 1000 2288
0 1000 2312
0 1000 2288
0 1000 2372
0 1000 2324
0 1000 2312
0 1000 2276
0 1000 2288
0 1000 2324
0 1000 2360
0 1000 2300
0 1000 2288
0 1000 2324
0 1000 2300
0 1000 2336
0 1000 2324
0 1000 2252
0 1000 2264
0 1000 2300
0 1000 2288
0 1000 2252
0 1000 2384
0 1000 2132
0 1000 2480
0 1000 2060
0 1000 2432
0 1000 2228
0 1000 2060
0 1000 2240
0 1000 2096
0 1000 2096
0 1000 2600
0 1000 2336
0 1000 2600
0 1000 3080
0 1000 2276
0 1000 1988
0 1000 2408
0 1000 1964
0 1000 3020
0 1000 2012
0 1000 1724
0 1000 1772
0 1000 2588
0 1000 3764
0 1000 2396
0 1000 1976
0 1000 1568
0 1000 2048
0 1000 2252
0 1000 2660
0 1000 1976
0 1000 2228
0 1000 3296
0 1000 1736
0 1000 1592
0 1000 1976
0 1000 2420
0 1000 2444
0 1000 4376
0 1000 4520
0 1000 968
0 1000 3152
0 1000 2012
0 1000 8096
0 1000 2024
0 1000 1208
0 1000 980
0 1000 1772
0 1000 1076
0 1000 1172
0 1000 2000
0 1000 2048
0 1000 3932
0 1000 2132
0 1000 2264
0 1000 2288
0 1000 2324
0 1000 2300
0 1000 1868
0 1000 2168
0 1000 2264
0 1000 2264
0 1000 2288
0 1000 2264
0 1000 2216
0 1000 2228
0 1000 2924
0 1000 2240
0 1000 2300
0 1000 1676
0 1000 2276
0 1000 2144
0 1000 2324
0 1000 2252
0 1000 2312
0 1000 2408
0 1000 2216
0 1000 2444
0 1000 2276
0 1000 2336
0 1000 2348
0 1000 2468
0 1000 2228
0 1000 2360
0 1000 2096
0 1000 2276
0 1000 2312
0 1000 2372
0 1000 2408
0 1000 2360
0 1000 2012
0 1000 2468
0 1000 2264
0 1000 2348
0 1000 2336
0 1000 2276
0 1000 2216
0 1000 2492
0 1000 2240
0 1000 2240
0 1000 2300
0 1000 2276
0 1000 2264
0 1000 2324
0 1000 2300
0 1000 2228
0 1000 2096
0 1000 2252
0 1000 2324
0 1000 2300
0 1000 2384
0 1000 2336
0 1000 2324
0 1000 2288
0 1000 2312
0 1000 2240
0 1000 2300
0 1000 2288
0 1000 2300
0 1000 2300
0 1000 2300
0 1000 2312
0 1000 2288
0 1000 2300
0 1000 2264
0 1000 2312
0 1000 2288
0 1000 2288
0 1000 2324
0 1000 2312
0 1000 2324
0 1000 2300
0 1000 2348
0 1000 2300
0 1000 2324
0 1000 2324
0 1000 2312
0 1000 2312
0 1000 2288
0 1000 2276
0 1000 2288
0 1000 2312
0 1000 2324
0 1000 2276
0 1000 2324
0 1000 2336
0 1000 2324
0 1000 2288
0 1000 2300
0 1000 2312
0 1000 2312
0 1000 2336
0 1000 2300
0 1000 2300
0 1000 2300
0 1000 2300
0 1000 2396
0 1000 2312
0 1000 2300
0 1000 2300
0 1000 2300
0 1000 2324
0 1000 2288
0 1000 2312
0 1000 2324
0 1000 2300
0 1000 2312
0 1000 2300
0 1000 2336
0 1000 2312
0 1000 2312
0 1000 2288
0 1000 2360
0 1000 2324
0 1000 2336
0 1000 2300
0 1000 2324
0 1000 2324
0 1000 2300
0 1000 2252
0 1000 2288
0 1000 2288
0 1000 2300
0 1000 2264
0 1000 2312
0 1000 2300
0 1000 2288
0 1000 2300
0 1000 2288
0 1000 2324
0 1000 2264
0 1000 2276
0 1000 2300
0 1000 2300
0 1000 2300
0 1000 2264
0 1000 2312
0 1000 2288
0 1000 2264
0 1000 2300
0 1000 2372
0 1000 2276
0 1000 2228
0 1000 2288
0 1000 2336
0 1000 2300
0 1000 2288
0 1000 2300
0 1000 2312
0 1000 2312
0 1000 2312
0 1000 2288
0 1000 2288
0 1000 2288
0 1000 2300
0 1000 2312
0 1000 2312
0 1000 2276
0 1000 2288
0 1000 2312
0 1000 2288
0 1000 2300
0 1000 2300
0 1000 2324
0 1000 2300
0 1000 2252
0 1000 2324
0 1000 2312
0 1000 2288
0 1000 2276
0 1000 2288
0 1000 2300
0 1000 2312
0 1000 2324
0 1000 2312
0 1000 2300
0 1000 2312
0 1000 2300
0 1000 2288
0 1000 2240
0 1000 2300
0 1000 2276
0 1000 2300
0 1000 2300
0 1000 2264
0 1000 2300
0 1000 2324
0 1000 2300
0 1000 2336
0 1000 2288
0 1000 2288
0 1000 2336
0 1000 2276
0 1000 2324
0 1000 2276
0 1000 2288
0 1000 2300
0 1000 2312
0 1