0 1000 404
0 1000 488
0 1000 476
0 1000 452
0 1000 440
0 1000 416
0 1000 428
0 1000 392
0 1000 404
0 1000 440
0 1000 404
0 1000 488
0 1000 476
0 1000 428
0 1000 452
0 1000 440
0 1000 428
0 1000 440
0 1000 440
0 1000 452
0 1000 464
0 1000 452
0 1000 452
0 1000 464
0 1000 452
0 1000 452
0 1000 452
0 1000 452
0 1000 464
0 1000 440
0 1000 440
0 1000 440
0 1000 440
0 1000 440
0 1000 452
0 1000 440
0 1000 452
0 1000 452
0 1000 476
0 1000 440
0 1000 452
0 1000 452
0 1000 428
0 1000 440
0 1000 428
0 1000 440
0 1000 452
0 1000 440
0 1000 440
0 1000 440
0 1000 452
0 1000 452
0 1000 476
0 1000 464
0 1000 464
0 1000 440
0 1000 440
0 1000 476
0 1000 440
0 1000 440
0 1000 452
0 1000 452
0 1000 440
0 1000 440
0 1000 452
0 1000 452
0 1000 440
0 1000 440
0 1000 464
0 1000 428
0 1000 452
0 1000 440
0 1000 440
0 1000 440
0 1000 440
0 1000 440
0 1000 440
0 1000 464
0 1000 440
0 1000 440
0 1000 440
0 1000 476
0 1000 440
0 1000 452
0 1000 440
0 1000 416
0 1000 428
0 1000 416
0 1000 440
0 1000 440
0 1000 452
0 1000 440
0 1000 464
0 1000 440
0 1000 416
0 1000 440
0 1000 416
0 1000 416
0 1000 428
0 1000 416
0 1000 416
0 1000 428
0 1000 440
0 1000 440
0 1000 452
0 1000 452
0 1000 452
0 1000 452
0 1000 464
0 1000 452
0 1000 452
0 1000 440
0 1000 440
0 1000 440
0 1000 416
0 1000 368
0 1000 416
0 1000 440
0 1000 476
0 1000 452
0 1000 428
0 1000 428
0 1000 392
0 1000 416
0 1000 476
0 1000 464
0 1000 428
0 1000 452
0 1000 428
0 1000 464
0 1000 452
0 1000 476
0 1000 440
0 1000 452
0 1000 488
0 1000 452
0 1000 452
0 1000 464
0 1000 428
0 1000 452
0 1000 368
0 1000 416
0 1000 500
0 1000 428
0 1000 452
0 1000 440
0 1000 464
0 1000 464
0 1000 488
0 1000 488
0 1000 416
0 1000 416
0 1000 416
0 1000 464
0 1000 476
0 1000 440
0 1000 404
0 1000 236
0 1000 728
0 1000 500
0 1000 560
0 1000 524
0 1000 536
0 1000 560
0 1000 572
0 1000 572
0 1000 488
0 1000 404
0 1000 440
0 1000 404
0 1000 452
0 1000 428
0 1000 416
0 1000 428
0 1000 440
0 1000 416
0 1000 392
0 1000 380
0 1000 404
0 1000 416
0 1000 428
0 1000 476
0 1000 488
0 1000 488
0 1000 464
0 1000 416
0 1000 416
0 1000 404
0 1000 404
0 1000 428
0 1000 416
0 1000 428
0 1000 440
0 1000 428
0 1000 428
0 1000 440
0 1000 428
0 1000 452
0 1000 464
0 1000 464
0 1000 440
0 1000 452
0 1000 416
0 1000 428
0 1000 428
0 1000 440
0 1000 452
0 1000 452
0 1000 452
0 1000 440
0 1000 440
0 1000 416
0 1000 452
0 1000 452
0 1000 452
0 1000 452
0 1000 428
0 1000 404
0 1000 440
0 1000 428
0 1000 428
0 1000 392
0 1000 440
0 1000 500
0 1000 452
0 1000 404
0 1000 452
0 1000 188
0 1000 728
0 1000 368
0 1000 356
0 1000 -568
0 1000 1172
0 1000 296
0 1000 524
0 1000 500
0 1000 464
0 1000 392
0 1000 -100
0 1000 1328
0 1000 500
0 1000 368
0 1000 692
0 1000 596
0 1000 -1252
0 1000 452
0 1000 -328
0 1000 896
0 1000 464
0 1000 656
0 1000 488
0 1000 296
0 1000 1064
0 1000 296
0 1000 128
0 1000 -280
0 1000 284
0 1000 968
0 1000 44
0 1000 488
0 1000 452
0 1000 848
0 1000 248
0 1000 1520
0 1000 -40
0 1000 152
0 1000 56
0 1000 488
0 1000 332
0 1000 596
0 1000 572
0 1000 452
0 1000 716
0 1000 248
0 1000 272
0 1000 236
0 1000 596
0 1000 284
0 1000 584
0 1000 1112
0 1000 1232
0 1000 44
0 1000 200
0 1000 968
0 1000 788
0 1000 824
0 1000 440
0 1000 512
0 1000 1208
0 1000 356
0 1000 812
0 1000 536
0 1000 -88
0 1000 668
0 1000 1076
0 1000 548
0 1000 632
0 1000 380
0 1000 452
0 1000 332
0 1000 548
0 1000 428
0 1000 500
0 1000 488
0 1000 -760
0 1000 1256
0 1000 -796
0 1000 -556
0 1000 920
0 1000 464
0 1000 260
0 1000 -136
0 1000 1184
0 1000 1064
0 1000 200
0 1000 -100
0 1000 308
0 1000 716
0 1000 -580
0 1000 332
0 1000 800
0 1000 80
0 1000 356
0 1000 80
0 1000 308
0 1000 188
0 1000 476
0 1000 392
0 1000 296
0 1000 -316
0 1000 -400
0 1000 272
0 1000 392
0 1000 428
0 1000 728
0 1000 332
0 1000 392
0 1000 512
0 1000 404
0 1000 392
0 1000 488
0 1000 380
0 1000 368
0 1000 344
0 1000 512
0 1000 368
0 1000 500
0 1000 356
0 1000 368
0 1000 404
0 1000 428
0 1000 764
0 1000 656
0 1000 908
0 1000 920
0 1000 848
0 1000 740
0 1000 548
0 1000 416
0 1000 296
0 1000 284
0 1000 368
0 1000 320
0 1000 308
0 1000 476
0 1000 560
0 1000 824
0 1000 956
0 1000 860
0 1000 752
0 1000 848
0 1000 800
0 1000 224
0 1000 -28
0 1000 164
0 1000 8
0 1000 -40
0 1000 44
0 1000 188
0 1000 296
0 1000 392
0 1000 380
0 1000 416
0 1000 416
0 1000 440
0 1000 248
0 1000 200
0 1000 236
0 1000 308
0 1000 332
0 1000 404
0 1000 452
0 1000 404
0 1000 392
0 1000 416
0 1000 404
0 1000 524
0 1000 476
0 1000 488
0 1000 488
0 1000 488
0 1000 512
0 1000 524
0 1000 572
0 1000 584
0 1000 572
0 1000 512
0 1000 464
0 1000 404
0 1000 368
0 1000 380
0 1000 392
0 1000 440
0 1000 416
0 1000 464
0 1000 476
0 1000 536
0 1000 500
0 1000 500
0 1000 488
0 1000 488
0 1000 452
0 1000 464
0 1000 440
0 1000 416
0 1000 428
0 1000 416
0 1000 428
0 1000 428
0 1000 428
0 1000 428
0 1000 440
0 1000 440
0 1000 464
0 1000 464
0 1000 476
0 1000 476
0 1000 464
0 1000 464
0 1000 464
0 1000 488
0 1000 464
0 1000 476
0 1000 464
0 1000 380
0 1000 404
0 1000 368
0 1000 560
0 1000 44
0 1000 404
0 1000 236
0 1000 740
0 1000 392
0 1000 200
0 1000 512
0 1000 524
0 1000 560
0 1000 464
0 1000 404
0 1000 524
0 1000 176
0 1000 752
0 1000 452
0 1000 -184
0 1000 584
0 1000 -220
0 1000 512
0 1000 80
0 1000 104
0 1000 104
0 1000 1100
0 1000 284
0 1000 152
0 1000 572
0 1000 536
0 1000 116
0 1000 668
0 1000 620
0 1000 416
0 1000 332
0 1000 776
0 1000 656
0 1000 368
0 1000 608
0 1000 800
0 1000 596
0 1000 500
0 1000 632
0 1000 488
0 1000 692
0 1000 476
0 1000 -352
0 1000 404
0 1000 92
0 1000 380
0 1000 -40
0 1000 848
0 1000 116
0 1000 128
0 1000 728
0 1000 464
0 1000 -424
0 1000 824
0 1000 464
0 1000 -16
0 1000 272
0 1000 176
0 1000 464
0 1000 464
0 1000 524
0 1000 320
0 1000 680
0 1000 476
0 1000 1220
0 1000 476
0 1000 596
0 1000 80
0 1000 884
0 1000 200
0 1000 560
0 1000 332
0 1000 32
0 1000 608
0 1000 1040
0 1000 440
0 1000 1160
0 1000 -304
0 1000 320
0 1000 716
0 1000 884
0 1000 644
0 1000 -256
0 1000 884
0 1000 404
0 1000 536
0 1000 980
0 1000 -256
0 1000 356
0 1000 800
0 1000 104
0 1000 380
0 1000 668
0 1000 272
0 1000 812
0 1000 -292
0 1000 584
0 1000 -1036
0 1000 68
0 1000 -64
0 1000 -460
0 1000 308
0 1000 1184
0 1000 440
0 1000 788
0 1000 680
0 1000 368
0 1000 848
0 1000 608
0 1000 560
0 1000 176
0 1000 1400
0 1000 356
0 1000 704
0 1000 224
0 1000 -28
0 1000 596
0 1000 992
0 1000 620
0 1000 -460
0 1000 404
0 1000 536
0 1000 -472
0 1000 -388
0 1000 1160
0 1000 1640
0 1000 992
0 1000 284
0 1000 32
0 1000 356
0 1000 896
0 1000 1016
0 1000 8
0 1000 248
0 1000 716
0 1000 -304
0 1000 -52
0 1000 752
0 1000 -4
0 1000 632
0 1000 1388
0 1000 716
0 1000 656
0 1000 1364
0 1000 476
0 1000 176
0 1000 524
0 1000 224
0 1000 320
0 1000 440
0 1000 -388
0 1000 308
0 1000 320
0 1000 356
0 1000 272
0 1000 440
0 1000 344
0 1000 488
0 1000 296
0 1000 896
0 1000 884
0 1000 1088
0 1000 896
0 1000 944
0 1000 800
0 1000 908
0 1000 812
0 1000 488
0 1000 416
0 1000 176
0 1000 392
0 1000 392
0 1000 464
0 1000 452
0 1000 380
0 1000 248
0 1000 404
0 1000 1076
0 1000 1064
0 1000 572
0 1000 512
0 1000 776
0 1000 824
0 1000 692
0 1000 512
0 1000 128
0 1000 -580
0 1000 -604
0 1000 260
0 1000 380
0 1000 320
0 1000 236
0 1000 332
0 1000 344
0 1000 476
0 1000 416
0 1000 512
0 1000 428
0 1000 560
0 1000 644
0 1000 608
0 1000 500
0 1000 380
0 1000 212
0 1000 140
0 1000 152
0 1000 272
0 1000 428
0 1000 536
0 1000 572
0 1000 476
0 1000 428
0 1000 380
0 1000 428
0 1000 392
0 1000 440
0 1000 500
0 1000 512
0 1000 440
0 1000 392
0 1000 380
0 1000 380
0 1000 416
0 1000 452
0 1000 524
0 1000 548
0 1000 536
0 1000 512
0 1000 500
0 1000 464
0 1000 464
0 1000 452
0 1000 452
0 1000 452
0 1000 464
0 1000 452
0 1000 464
0 1000 452
0 1000 452
0 1000 440
0 1000 452
0 1000 452
0 1000 452
0 1000 452
0 1000 440
0 1000 452
0 1000 452
0 1000 464
0 1000 464
0 1000 476
0 1000 476
0 1000 464
0 1000 464
0 1000 464
0 1000 464
0 1000 476
0 1000 464
0 1000 488
0 1000 464
0 1000 464
0 1000 452
0 1000 440
0 1000 440
0 1000 428
0 1000 452
0 1000 452
0 1000 452
0 1000 440
0 1000 452
0 1000 440
0 1000 452
0 1000 440
0 1000 440
0 1000 452
0 1000 440
0 1000 452
0 1000 416
0 1000 500
0 1000 428
0 1000 440
0 1000 440
0 1000 560
0 1000 452
0 1000 392
0 1000 416
0 1000 440
0 1000 464
0 1000 548
0 1000 512
0 1000 680
0 1000 560
0 1000 392
0 1000 236
0 1000 452
0 1000 308
0 1000 -64
0 1000 20
0 1000 -124
0 1000 104
0 1000 1004
0 1000 440
0 1000 224
0 1000 692
0 1000 584
0 1000 1052
0 1000 464
0 1000 248
0 1000 -88
0 1000 620
0 1000 188
0 1000 320
0 1000 -160
0 1000 740
0 1000 584
0 1000 920
0 1000 572
0 1000 860
0 1000 512
0 1000 1124
0 1000 1076
0 1000 476
0 1000 524
0 1000 392
0 1000 104
0 1000 716
0 1000 416
0 1000 152
0 1000 1208
0 1000 476
0 1000 572
0 1000 380
0 1000 644
0 1000 716
0 1000 452
0 1000 8
0 1000 -376
0 1000 296
0 1000 176
0 1000 164
0 1000 284
0 1000 692
0 1000 416
0 1000 308
0 1000 -76
0 1000 476
0 1000 356
0 1000 188
0 1000 608
0 1000 896
0 1000 332
0 1000 932
0 1000 560
0 1000 404
0 1000 452
0 1000 656
0 1000 296
0 1000 848
0 1000 308
0 1000 824
0 1000 -88
0 1000 248
0 1000 536
0 1000 236
0 1000 644
0 1000 848
0 1000 344
0 1000 1808
0 1000 608
0 1000 224
0 1000 -112
0 1000 200
0 1000 1172
0 1000 248
0 1000 356
0 1000 392
0 1000 344
0 1000 344
0 1000 356
0 1000 296
0 1000 644
0 1000 332
0 1000 344
0 1000 344
0 1000 788
0 1000 -4
0 1000 416
0 1000 524
0 1000 560
0 1000 308
0 1000 392
0 1000 356
0 1000 668
0 1000 752
0 1000 776
0 1000 356
0 1000 488
0 1000 32
0 1000 476
0 1000 -304
0 1000 128
0 1000 440
0 1000 764
0 1000 260
0 1000 788
0 1000 464
0 1000 -232
0 1000 296
0 1000 332
0 1000 764
0 1000 392
0 1000 680
0 1000 416
0 1000 464
0 1000 524
0 1000 428
0 1000 368
0 1000 356
0 1000 464
0 1000 332
0 1000 308
0 1000 224
0 1000 284
0 1000 404
0 1000 428
0 1000 452
0 1000 572
0 1000 572
0 1000 536
0 1000 512
0 1000 392
0 1000 512
0 1000 608
0 1000 752
0 1000 716
0 1000 752
0 1000 728
0 1000 644
0 1000 596
0 1000 596
0 1000 572
0 1000 224
0 1000 632
0 1000 968
0 1000 1184
0 1000 1232
0 1000 1160
0 1000 728
0 1000 200
0 1000 -676
0 1000 152
0 1000 812
0 1000 1292
0 1000 176
0 1000 20
0 1000 8
0 1000 152
0 1000 20
0 1000 -184
0 1000 116
0 1000 404
0 1000 440
0 1000 488
0 1000 512
0 1000 572
0 1000 572
0 1000 512
0 1000 284
0 1000 128
0 1000 164
0 1000 320
0 1000 464
0 1000 524
0 1000 512
0 1000 488
0 1000 476
0 1000 488
0 1000 512
0 1000 476
0 1000 452
0 1000 404
0 1000 368
0 1000 392
0 1000 416
0 1000 428
0 1000 404
0 1000 392
0 1000 416
0 1000 452
0 1000 464
0 1000 512
0 1000 536
0 1000 560
0 1000 524
0 1000 512
0 1000 500
0 1000 476
0 1000 488
0 1000 476
0 1000 476
0 1000 440
0 1000 452
0 1000 452
0 1000 464
0 1000 428
0 1000 404
0 1000 416
0 1000 440
0 1000 452
0 1000 452
0 1000 452
0 1000 476
0 1000 452
0 1000 440
0 1000 464
0 1000 464
0 1000 476
0 1000 452
0 1000 452
0 1000 428
0 1000 452
0 1000 464
0 1000 452
0 1000 464
0 1000 440
0 1000 464
0 1000 452
0 1000 464
0 1000 488
0 1000 464
0 1000 452
0 1000 452
0 1000 476
0 1000 452
0 1000 464
0 1000 452
0 1000 452
0 1000 428
0 1000 452
0 1000 440
0 1000 452
0 1000 452
0 1000 452
0 1000 464
0 1000 464
0 1000 440
0 1000 452
0 1000 488
0 1000 464
0 1000 476
0 1000 488
0 1000 464
0 1000 476
0 1000 464
0 1000 464
0 1000 488
0 1000 452
0 1000 464
0 1000 452
0 1000 464
0 1000 476
0 1000 476
0 1000 452
0 1000 464
0 1000 452
0 1000 452
0 1000 452
0 1000 464
0 1000 464
0 1000 464
0 1000 416
0 1000 404
0 1000 428
0 1000 488
0 1000 488
0 1000 452
0 1000 464
0 1000 440
0 1000 440
0 1000 416
0 1000 404
0 1000 404
0 1000 416
0 1000 404
0 1000 416
0 1000 428
0 1000 440
0 1000 476
0 1000 476
0 1000 404
0 1000 440
0 1000 404
0 1000 404
0 1000 416
0 1000 416
0 1000 56
0 1000 704
0 1000 344
0 1000 368
0 1000 572
0 1000 632
0 1000 644
0 1000 608
0 1000 596
0 1000 572
0 1000 164
0 1000 212
0 1000 248
0 1000 248
0 1000 248
0 1000 200
0 1000 164
0 1000 344
0 1000 740
0 1000 812
0 1000 752
0 1000 716
0 1000 620
0 1000 632
0 1000 644
0 1000 572
0 1000 404
0 1000 440
0 1000 488
0 1000 440
0 1000 512
0 1000 584
0 1000 548
0 1000 488
0 1000 512
0 1000 368
0 1000 200
0 1000 140
0 1000 164
0 1000 272
0 1000 344
0 1000 416
0 1000 452
0 1000 512
0 1000 584
0 1000 548
0 1000 560
0 1000 536
0 1000 476
0 1000 440
0 1000 392
0 1000 368
0 1000 416
0 1000 452
0 1000 380
0 1000 416
0 1000 392
0 1000 392
0 1000 344
0 1000 356
0 1000 380
0 1000 380
0 1000 416
0 1000 380
0 1000 404
0 1000 428
0 1000 452
0 1000 452
0 1000 452
0 1000 464
0 1000 464
0 1000 500
0 1000 440
0 1000 452
0 1000 440
0 1000 452
0 1000 440
0 1000 452
0 1000 464
0 1000 392
0 1000 488
0 1000 512
0 1000 560
0 1000 572
0 1000 632
0 1000 632
0 1000 608
0 1000 572
0 1000 404
0 1000 356
0 1000 404
0 1000 560
0 1000 464
0 1000 500
0 1000 452
0 1000 536
0 1000 632
0 1000 560
0 1000 572
0 1000 524
0 1000 452
0 1000 476
0 1000 596
0 1000 524
0 1000 524
0 1000 500
0 1000 512
0 1000 452
0 1000 440
0 1000 464
0 1000 464
0 1000 404
0 1000 392
0 1000 356
0 1000 392
0 1000 440
0 1000 440
0 1000 404
0 1000 392
0 1000 392
0 1000 404
0 1000 404
0 1000 380
0 1000 392
0 1000 368
0 1000 320
0 1000 332
0 1000 380
0 1000 440
0 1000 416
0 1000 428
0 1000 440
0 1000 416
0 1000 404
0 1000 428
0 1000 452
0 1000 452
0 1000 440
0 1000 488
0 1000 488
0 1000 548
0 1000 560
0 1000 572
0 1000 596
0 1000 584
0 1000 596
0 1000 572
0 1000 536
0 1000 512
0 1000 440
0 1000 392
0 1000 368
0 1000 368
0 1000 356
0 1000 368
0 1000 404
0 1000 428
0 1000 416
0 1000 428
0 1000 428
0 1000 416
0 1000 416
0 1000 404
0 1000 392
0 1000 404
0 1000 380
0 1000 368
0 1000 404
0 1000 440
0 1000 428
0 1000 464
0 1000 476
0 1000 512
0 1000 512
0 1000 476
0 1000 476
0 1000 512
0 1000 488
0 1000 464
0 1000 380
0 1000 560
0 1000 248
0 1000 656
0 1000 380
0 1000 488
0 1000 392
0 1000 428
0 1000 452
0 1000 632
0 1000 728
0 1000 764
0 1000 728
0 1000 824
0 1000 704
0 1000 512
0 1000 416
0 1000 404
0 1000 428
0 1000 428
0 1000 380
0 1000 428
0 1000 404
0 1000 368
0 1000 332
0 1000 176
0 1000 236
0 1000 344
0 1000 320
0 1000 320
0 1000 380
0 1000 464
0 1000 488
0 1000 584
0 1000 548
0 1000 464
0 1000 452
0 1000 392
0 1000 296
0 1000 524
0 1000 224
0 1000 752
0 1000 548
0 1000 464
0 1000 380
0 1000 680
0 1000 692
0 1000 584
0 1000 680
0 1000 608
0 1000 560
0 1000 656
0 1000 476
0 1000 368
0 1000 260
0 1000 152
0 1000 152
0 1000 128
0 1000 176
0 1000 200
0 1000 200
0 1000 176
0 1000 260
0 1000 296
0 1000 332
0 1000 464
0 1000 512
0 1000 524
0 1000 476
0 1000 440
0 1000 500
0 1000 524
0 1000 512
0 1000 536
0 1000 560
0 1000 536
0 1000 536
0 1000 476
0 1000 524
0 1000 500
0 1000 440
0 1000 416
0 1000 416
0 1000 416
0 1000 404
0 1000 404
0 1000 392
0 1000 452
0 1000 416
0 1000 440
0 1000 452
0 1000 464
0 1000 452
0 1000 476
0 1000 476
0 1000 500
0 1000 476
0 1000 476
0 1000 452
0 1000 452
0 1000 464
0 1000 464
0 1000 464
0 1000 464
0 1000 440
0 1000 464
0 1000 440
0 1000 416
0 1000 416
0 1000 464
0 1000 320
0 1000 608
0 1000 524
0 1000 356
0 1000 452
0 1000 512
0 1000 512
0 1000 608
0 1000 608
0 1000 560
0 1000 596
0 1000 632
0 1000 512
0 1000 392
0 1000 488
0 1000 524
0 1000 380
0 1000 320
0 1000 296
0 1000 428
0 1000 536
0 1000 680
0 1000 680
0 1000 704
0 1000 740
0 1000 680
0 1000 776
0 1000 836
0 1000 764
0 1000 692
0 1000 548
0 1000 536
0 1000 488
0 1000 428
0 1000 476
0 1000 488
0 1000 500
0 1000 488
0 1000 404
0 1000 320
0 1000 296
0 1000 332
0 1000 464
0 1000 620
0 1000 728
0 1000 752
0 1000 260
0 1000 -40
0 1000 -112
0 1000 80
0 1000 236
0 1000 356
0 1000 356
0 1000 320
0 1000 248
0 1000 284
0 1000 320
0 1000 284
0 1000 428
0 1000 392
0 1000 332
0 1000 296
0 1000 332
0 1000 332
0 1000 332
0 1000 368
0 1000 176
0 1000 332
0 1000 380
0 1000 512
0 1000 416
0 1000 632
0 1000 536
0 1000 476
0 1000 500
0 1000 524
0 1000 500
0 1000 416
0 1000 488
0 1000 548
0 1000 548
0 1000 524
0 1000 488
0 1000 536
0 1000 476
0 1000 548
0 1000 476
0 1000 560
0 1000 524
0 1000 476
0 1000 452
0 1000 560
0 1000 464
0 1000 332
0 1000 356
0 1000 356
0 1000 284
0 1000 188
0 1000 248
0 1000 344
0 1000 392
0 1000 476
0 1000 476
0 1000 464
0 1000 512
0 1000 488
0 1000 488
0 1000 440
0 1000 404
0 1000 428
0 1000 440
0 1000 524
0 1000 716
0 1000 308
0 1000 248
0 1000 224
0 1000 128
0 1000 32
0 1000 236
0 1000 548
0 1000 224
0 1000 -16
0 1000 -184
0 1000 32
0 1000 -4
0 1000 296
0 1000 476
0 1000 44
0 1000 32
0 1000 8
0 1000 332
0 1000 452
0 1000 752
0 1000 920
0 1000 1268
0 1000 980
0 1000 656
0 1000 584
0 1000 380
0 1000 428
0 1000 572
0 1000 656
0 1000 488
0 1000 8
0 1000 704
0 1000 476
0 1000 512
0 1000 656
0 1000 848
0 1000 716
0 1000 644
0 1000 644
0 1000 452
0 1000 248
0 1000 -16
0 1000 44
0 1000 332
0 1000 608
0 1000 764
0 1000 536
0 1000 500
0 1000 272
0 1000 872
0 1000 704
0 1000 1076
0 1000 728
0 1000 896
0 1000 608
0 1000 272
0 1000 -208
0 1000 128
0 1000 -544
0 1000 -388
0 1000 608
0 1000 176
0 1000 44
0 1000 -88
0 1000 -112
0 1000 -292
0 1000 -472
0 1000 -340
0 1000 764
0 1000 968
0 1000 188
0 1000 692
0 1000 1976
0 1000 1172
0 1000 1364
0 1000 1496
0 1000 536
0 1000 404
0 1000 692
0 1000 1100
0 1000 1424
0 1000 896
0 1000 812
0 1000 608
0 1000 308
0 1000 308
0 1000 620
0 1000 176
0 1000 776
0 1000 -112
0 1000 344
0 1000 1964
0 1000 1340
0 1000 1220
0 1000 1340
0 1000 920
0 1000 692
0 1000 416
0 1000 -100
0 1000 548
0 1000 -88
0 1000 -244
0 1000 -748
0 1000 164
0 1000 8
0 1000 836
0 1000 668
0 1000 368
0 1000 584
0 1000 152
0 1000 668
0 1000 512
0 1000 764
0 1000 1004
0 1000 788
0 1000 824
0 1000 1472
0 1000 1520
0 1000 -88
0 1000 -436
0 1000 260
0 1000 -196
0 1000 8
0 1000 68
0 1000 -76
0 1000 836
0 1000 140
0 1000 332
0 1000 116
0 1000 212
0 1000 656
0 1000 344
0 1000 212
0 1000 368
0 1000 200
0 1000 560
0 1000 236
0 1000 200
0 1000 584
0 1000 260
0 1000 980
0 1000 572
0 1000 428
0 1000 1064
0 1000 80
0 1000 92
0 1000 512
0 1000 800
0 1000 716
0 1000 308
0 1000 548
0 1000 416
0 1000 284
0 1000 164
0 1000 704
0 1000 440
0 1000 248
0 1000 524
0 1000 548
0 1000 716
0 1000 512
0 1000 752
0 1000 440
0 1000 452
0 1000 476
0 1000 284
0 1000 308
0 1000 524
0 1000 284
0 1000 344
0 1000 104
0 1000 224
0 1000 164
0 1000 176
0 1000 236
0 1000 236
0 1000 416
0 1000 632
0 1000 776
0 1000 872
0 1000 956
0 1000 872
0 1000 776
0 1000 764
0 1000 800
0 1000 944
0 1000 740
0 1000 692
0 1000 656
0 1000 644
0 1000 716
0 1000 668
0 1000 920
0 1000 692
0 1000 644
0 1000 560
0 1000 488
0 1000 380
0 1000 440
0 1000 392
0 1000 284
0 1000 248
0 1000 308
0 1000 188
0 1000 104
0 1000 152
0 1000 284
0 1000 308
0 1000 320
0 1000 416
0 1000 524
0 1000 296
0 1000 404
0 1000 308
0 1000 404
0 1000 320
0 1000 44
0 1000 632
0 1000 356
0 1000 512
0 1000 524
0 1000 320
0 1000 224
0 1000 512
0 1000 440
0 1000 536
0 1000 548
0 1000 560
0 1000 680
0 1000 392
0 1000 416
0 1000 188
0 1000 212
0 1000 308
0 1000 176
0 1000 428
0 1000 272
0 1000 368
0 1000 320
0 1000 428
0 1000 620
0 1000 764
0 1000 632
0 1000 668
0 1000 500
0 1000 608
0 1000 392
0 1000 644
0 1000 692
0 1000 476
0 1000 380
0 1000 524
0 1000 512
0 1000 512
0 1000 332
0 1000 548
0 1000 452
0 1000 452
0 1000 560
0 1000 740
0 1000 476
0 1000 296
0 1000 224
0 1000 380
0 1000 176
0 1000 -52
0 1000 692
0 1000 224
0 1000 368
0 1000 368
0 1000 476
0 1000 428
0 1000 272
0 1000 644
0 1000 536
0 1000 320
0 1000 560
0 1000 296
0 1000 464
0 1000 356
0 1000 524
0 1000 308
0 1000 620
0 1000 272
0 1000 464
0 1000 380
0 1000 476
0 1000 488
0 1000 56
0 1000 464
0 1000 416
0 1000 500
0 1000 416
0 1000 620
0 1000 512
0 1000 392
0 1000 536
0 1000 728
0 1000 548
0 1000 320
0 1000 560
0 1000 272
0 1000 548
0 1000 428
0 1000 416
0 1000 416
0 1000 392
0 1000 452
0 1000 392
0 1000 236
0 1000 296
0 1000 680
0 1000 380
0 1000 608
0 1000 476
0 1000 236
0 1000 608
0 1000 176
0 1000 200
0 1000 224
0 1000 272
0 1000 548
0 1000 380
0 1000 548
0 1000 344
0 1000 380
0 1000 512
0 1000 308
0 1000 656
0 1000 368
0 1000 416
0 1000 500
0 1000 452
0 1000 260
0 1000 392
0 1000 476
0 1000 284
0 1000 512
0 1000 500
0 1000 368
0 1000 584
0 1000 440
0 1000 428
0 1000 464
0 1000 320
0 1000 572
0 1000 248
0 1000 236
0 1000 356
0 1000 476
0 1000 488
0 1000 476
0 1000 524
0 1000 380
0 1000 464
0 1000 464
0 1000 476
0 1000 488
0 1000 572
0 1000 584
0 1000 644
0 1000 548
0 1000 608
0 1000 428
0 1000 464
0 1000 404
0 1000 380
0 1000 380
0 1000 416
0 1000 368
0 1000 440
0 1000 404
0 1000 512
0 1000 332
0 1000 452
0 1000 452
0 1000 536
0 1000 584
0 1000 428
0 1000 584
0 1000 512
0 1000 548
0 1000 584
0 1000 440
0 1000 308
0 1000 308
0 1000 320
0 1000 308
0 1000 332
0 1000 476
0 1000 476
0 1000 452
0 1000 380
0 1000 524
0 1000 428
0 1000 308
0 1000 500
0 1000 476
0 1000 584
0 1000 416
0 1000 332
0 1000 236
0 1000 296
0 1000 464
0 1000 500
0 1000 548
0 1000 524
0 1000 416
0 1000 320
0 1000 296
0 1000 344
0 1000 500
0 1000 416
0 1000 416
0 1000 464
0 1000 476
0 1000 548
0 1000 536
0 1000 728
0 1000 452
0 1000 344
0 1000 584
0 1000 380
0 1000 512
0 1000 428
0 1000 656
0 1000 524
0 1000 452
0 1000 488
0 1000 440
0 1000 464
0 1000 500
0 1000 392
0 1000 224
0 1000 560
0 1000 392
0 1000 344
0 1000 440
0 1000 488
0 1000 332
0 1000 416
0 1000 572
0 1000 320
0 1000 368
0 1000 464
0 1000 380
0 1000 380
0 1000 380
0 1000 284
0 1000 404
0 1000 116
0 1000 380
0 1000 296
0 1000 236
0 1000 572
0 1000 368
0 1000 500
0 1000 452
0 1000 560
0 1000 524
0 1000 596
0 1000 548
0 1000 452
0 1000 680
0 1000 668
0 1000 716
0 1000 416
0 1000 620
0 1000 356
0 1000 632
0 1000 428
0 1000 380
0 1000 536
0 1000 548
0 1000 404
0 1000 464
0 1000 692
0 1000 440
0 1000 536
0 1000 716
0 1000 572
0 1000 356
0 1000 356
0 1000 620
0 1000 512
0 1000 632
0 1000 404
0 1000 284
0 1000 356
0 1000 164
0 1000 260
0 1000 236
0 1000 140
0 1000 176
0 1000 164
0 1000 440
0 1000 272
0 1000 368
0 1000 296
0 1000 380
0 1000 752
0 1000 356
0 1000 236
0 1000 488
0 1000 464
0 1000 -88
0 1000 20
0 1000 -220
0 1000 -268
0 1000 -136
0 1000 200
0 1000 -184
0 1000 -376
0 1000 140
0 1000 692
0 1000 644
0 1000 752
0 1000 692
0 1000 740
0 1000 728
0 1000 836
0 1000 800
0 1000 824
0 1000 1040
0 1000 728
0 1000 728
0 1000 476
0 1000 608
0 1000 368
0 1000 188
0 1000 416
0 1000 392
0 1000 452
0 1000 572
0 1000 644
0 1000 656
0 1000 596
0 1000 848
0 1000 848
0 1000 764
0 1000 704
0 1000 776
0 1000 584
0 1000 632
0 1000 476
0 1000 404
0 1000 236
0 1000 536
0 1000 356
0 1000 284
0 1000 428
0 1000 560
0 1000 656
0 1000 620
0 1000 644
0 1000 656
0 1000 404
0 1000 584
0 1000 536
0 1000 692
0 1000 572
0 1000 404
0 1000 356
0 1000 488
0 1000 512
0 1000 656
0 1000 464
0 1000 236
0 1000 68
0 1000 128
0 1000 152
0 1000 236
0 1000 260
0 1000 248
0 1000 368
0 1000 356
0 1000 368
0 1000 560
0 1000 644
0 1000 428
0 1000 416
0 1000 680
0 1000 452
0 1000 572
0 1000 512
0 1000 524
0 1000 224
0 1000 332
0 1000 272
0 1000 380
0 1000 272
0 1000 344
0 1000 380
0 1000 284
0 1000 428
0 1000 320
0 1000 524
0 1000 392
0 1000 284
0 1000 452
0 1000 -208
0 1000 1484
0 1000 416
0 1000 596
0 1000 464
0 1000 524
0 1000 464
0 1000 488
0 1000 32
0 1000 716
0 1000 176
0 1000 248
0 1000 248
0 1000 416
0 1000 152
0 1000 824
0 1000 428
0 1000 488
0 1000 620
0 1000 632
0 1000 380
0 1000 488
0 1000 896
0 1000 692
0 1000 320
0 1000 1928
0 1000 2468
0 1000 1460
0 1000 380
0 1000 728
0 1000 80
0 1000 32
0 1000 -160
0 1000 56
0 1000 152
0 1000 452
0 1000 428
0 1000 380
0 1000 164
0 1000 -40
0 1000 -112
0 1000 -64
0 1000 -76
0 1000 44
0 1000 140
0 1000 188
0 1000 368
0 1000 200
0 1000 368
0 1000 8
0 1000 248
0 1000 272
0 1000 512
0 1000 44
0 1000 -124
0 1000 -280
0 1000 380
0 1000 752
0 1000 860
0 1000 896
0 1000 548
0 1000 944
0 1000 416
0 1000 440
0 1000 416
0 1000 272
0 1000 344
0 1000 536
0 1000 476
0 1000 560
0 1000 524
0 1000 596
0 1000 560
0 1000 500
0 1000 404
0 1000 476
0 1000 512
0 1000 560
0 1000 488
0 1000 488
0 1000 476
0 1000 512
0 1000 548
0 1000 596
0 1000 536
0 1000 440
0 1000 404
0 1000 380
0 1000 404
0 1000 440
0 1000 488
0 1000 524
0 1000 476
0 1000 416
0 1000 368
0 1000 380
0 1000 404
0 1000 476
0 1000 512
0 1000 464
0 1000 464
0 1000 464
0 1000 452
0 1000 452
0 1000 464
0 1000 476
0 1000 488
0 1000 476
0 1000 464
0 1000 452
0 1000 428
0 1000 440
0 1000 440
0 1000 452
0 1000 464
0 1000 452
0 1000 464
0 1000 440
0 1000 428
0 1000 428
0 1000 452
0 1000 428
0 1000 452
0 1000 452
0 1000 452
0 1000 464
0 1000 488
0 1000 440
0 1000 428
0 1000 440
0 1000 452
0 1000 452
0 1000 476
0 1000 464
0 1000 464
0 1000 428
0 1000 440
0 1000 440
0 1000 428
0 1000 440
0 1000 464
0 1000 464
0 1000 464
0 1000 452
0 1000 464
0 1000 452
0 1000 440
0 1000 452
0 1000 452
0 1000 440
0 1000 440
0 1000 440
0 1000 452
0 1000 440
0 1000 440
0 1000 440
0 1000 428
0 1000 428
0 1000 452
0 1000 452
0 1000 464
0 1000 464
0 1000 464
0 1000 464
0 1000 440
0 1000 464
0 1000 464
0 1000 452
0 1000 464
0 1000 476
0 1000 488
0 1000 476
0 1000 464
0 1000 452
0 1000 440
0 1000 440
0 1000 464
0 1000 452
0 1000 464
0 1000 452
0 1000 452
0 1000 452
0 1000 440
0 1000 440
0 1000 440
0 1000 416
0 1000 440
0 1000 464
0 1000 488
0 1000 500
0 1000 440
0 1000 452
0 1000 464
0 1000 440
0 1000 452
0 1000 452
0 1000 440
0 1000 452
0 1000 440
0 1000 452
0 1000 452
0 1000 440
0 1000 440
0 1000 440
0 1000 440
0 1000 464
0 1000 452
0 1000 440
0 1000 452
0 1000 416
0 1000 644
0 1000 452
0 1000 476
0 1000 452
0 1000 488
0 1000 452
0 1000 320
0 1000 428
0 1000 464
0 1000 380
0 1000 176
0 1000 116
0 1000 752
0 1000 692
0 1000 500
0 1000 716
0 1000 272
0 1000 488
0 1000 872
0 1000 644
0 1000 932
0 1000 80
0 1000 212
0 1000 332
0 1000 332
0 1000 464
0 1000 836
0 1000 908
0 1000 776
0 1000 956
0 1000 860
0 1000 320
0 1000 272
0 1000 896
0 1000 848
0 1000 572
0 1000 368
0 1000 -64
0 1000 -160
0 1000 -52
0 1000 812
0 1000 668
0 1000 848
0 1000 836
0 1000 536
0 1000 164
0 1000 -4
0 1000 -52
0 1000 -784
0 1000 -112
0 1000 -208
0 1000 -748
0 1000 1760
0 1000 1532
0 1000 788
0 1000 728
0 1000 140
0 1000 -244
0 1000 -592
0 1000 104
0 1000 -40
0 1000 296
0 1000 -148
0 1000 272
0 1000 272
0 1000 176
0 1000 704
0 1000 860
0 1000 1040
0 1000 1148
0 1000 980
0 1000 1124
0 1000 728
0 1000 -88
0 1000 764
0 1000 56
0 1000 776
0 1000 440
0 1000 704
0 1000 512
0 1000 620
0 1000 512
0 1000 812
0 1000 392
0 1000 548
0 1000 812
0 1000 548
0 1000 644
0 1000 428
0 1000 572
0 1000 296
0 1000 332
0 1000 392
0 1000 296
0 1000 380
0 1000 416
0 1000 308
0 1000 680
0 1000 200
0 1000 224
0 1000 308
0 1000 452
0 1000 260
0 1000 332
0 1000 548
0 1000 332
0 1000 524
0 1000 476
0 1000 680
0 1000 596
0 1000 512
0 1000 512
0 1000 488
0 1000 440
0 1000 464
0 1000 500
0 1000 488
0 1000 464
0 1000 476
0 1000 476
0 1000 536
0 1000 500
0 1000 464
0 1000 272
0 1000 728
0 1000 440
0 1000 416
0 1000 440
0 1000 464
0 1000 536
0 1000 452
0 1000 572
0 1000 548
0 1000 560
0 1000 500
0 1000 512
0 1000 512
0 1000 560
0 1000 488
0 1000 572
0 1000 476
0 1000 500
0 1000 248
0 1000 644
0 1000 536
0 1000 452
0 1000 380
0 1000 440
0 1000 404
0 1000 452
0 1000 356
0 1000 464
0 1000 416
0 1000 416
0 1000 608
0 1000 500
0 1000 512
0 1000 572
0 1000 452
0 1000 464
0 1000 488
0 1000 416
0 1000 512
0 1000 584
0 1000 500
0 1000 476
0 1000 452
0 1000 464
0 1000 416
0 1000 416
0 1000 392
0 1000 356
0 1000 212
0 1000 92
0 1000 584
0 1000 320
0 1000 452
0 1000 404
0 1000 440
0 1000 572
0 1000 464
0 1000 416
0 1000 248
0 1000 188
0 1000 140
0 1000 896
0 1000 572
0 1000 728
0 1000 404
0 1000 356
0 1000 368
0 1000 536
0 1000 608
0 1000 512
0 1000 404
0 1000 260
0 1000 224
0 1000 644
0 1000 476
0 1000 572
0 1000 944
0 1000 488
0 1000 512
0 1000 248
0 1000 404
0 1000 452
0 1000 320
0 1000 428
0 1000 344
0 1000 152
0 1000 632
0 1000 344
0 1000 524
0 1000 476
0 1000 572
0 1000 440
0 1000 392
0 1000 392
0 1000 224
0 1000 596
0 1000 536
0 1000 368
0 1000 740
0 1000 608
0 1000 860
0 1000 932
0 1000 248
0 1000 320
0 1000 -88
0 1000 -88
0 1000 -52
0 1000 44
0 1000 -28
0 1000 104
0 1000 164
0 1000 368
0 1000 524
0 1000 440
0 1000 440
0 1000 848
0 1000 284
0 1000 788
0 1000 572
0 1000 704
0 1000 548
0 1000 584
0 1000 368
0 1000 524
0 1000 476
0 1000 524
0 1000 608
0 1000 332
0 1000 524
0 1000 752
0 1000 464
0 1000 488
0 1000 752
0 1000 392
0 1000 452
0 1000 500
0 1000 464
0 1000 608
0 1000 464
0 1000 608
0 1000 488
0 1000 368
0 1000 368
0 1000 380
0 1000 224
0 1000 320
0 1000 296
0 1000 512
0 1000 248
0 1000 260
0 1000 476
0 1000 296
0 1000 404
0 1000 464
0 1000 416
0 1000 464
0 1000 416
0 1000 356
0 1000 392
0 1000 596
0 1000 584
0 1000 440
0 1000 392
0 1000 536
0 1000 728
0 1000 476
0 1000 632
0 1000 440
0 1000 440
0 1000 536
0 1000 404
0 1000 488
0 1000 500
0 1000 344
0 1000 440
0 1000 320
0 1000 392
0 1000 416
0 1000 392
0 1000 380
0 1000 416
0 1000 500
0 1000 428
0 1000 356
0 1000 392
0 1000 380
0 1000 392
0 1000 488
0 1000 596
0 1000 404
0 1000 368
0 1000 452
0 1000 452
0 1000 572
0 1000 428
0 1000 692
0 1000 500
0 1000 572
0 1000 500
0 1000 452
0 1000 416
0 1000 476
0 1000 416
0 1000 488
0 1000 512
0 1000 500
0 1000 500
0 1000 440
0 1000 440
0 1000 476
0 1000 404
0 1000 428
0 1000 500
0 1000 488
0 1000 632
0 1000 512
0 1000 524
0 1000 476
0 1000 452
0 1000 536
0 1000 440
0 1000 404
0 1000 644
0 1000 512
0 1000 416
0 1000 584
0 1000 560
0 1000 488
0 1000 560
0 1000 596
0 1000 356
0 1000 404
0 1000 380
0 1000 356
0 1000 356
0 1000 440
0 1000 416
0 1000 344
0 1000 272
0 1000 296
0 1000 416
0 1000 308
0 1000 332
0 1000 164
0 1000 188
0 1000 440
0 1000 572
0 1000 428
0 1000 860
0 1000 572
0 1000 500
0 1000 404
0 1000 476
0 1000 572
0 1000 320
0 1000 428
0 1000 116
0 1000 200
0 1000 164
0 1000 236
0 1000 308
0 1000 668
0 1000 632
0 1000 428
0 1000 824
0 1000 980
0 1000 1172
0 1000 1784
0 1000 728
0 1000 668
0 1000 824
0 1000 368
0 1000 824
0 1000 20
0 1000 248
0 1000 776
0 1000 212
0 1000 320
0 1000 -40
0 1000 320
0 1000 356
0 1000 296
0 1000 500
0 1000 392
0 1000 -4
0 1000 356
0 1000 476
0 1000 188
0 1000 -280
0 1000 -328
0 1000 -268
0 1000 584
0 1000 176
0 1000 176
0 1000 272
0 1000 572
0 1000 584
0 1000 1340
0 1000 668
0 1000 404
0 1000 608
0 1000 -28
0 1000 56
0 1000 440
0 1000 260
0 1000 380
0 1000 284
0 1000 344
0 1000 608
0 1000 920
0 1000 680
0 1000 404
0 1000 296
0 1000 332
0 1000 356
0 1000 320
0 1000 536
0 1000 728
0 1000 380
0 1000 500
0 1000 668
0 1000 188
0 1000 548
0 1000 320
0 1000 560
0 1000 416
0 1000 500
0 1000 524
0 1000 536
0 1000 488
0 1000 236
0 1000 224
0 1000 320
0 1000 296
0 1000 44
0 1000 524
0 1000 140
0 1000 572
0 1000 692
0 1000 404
0 1000 404
0 1000 428
0 1000 716
0 1000 500
0 1000 488
0 1000 512
0 1000 368
0 1000 644
0 1000 464
0 1000 764
0 1000 536
0 1000 404
0 1000 536
0 1000 536
0 1000 728
0 1000 512
0 1000 980
0 1000 152
0 1000 188
0 1000 704
0 1000 188
0 1000 404
0 1000 332
0 1000 392
0 1000 608
0 1000 512
0 1000 188
0 1000 488
0 1000 860
0 1000 308
0 1000 476
0 1000 224
0 1000 320
0 1000 320
0 1000 476
0 1000 416
0 1000 368
0 1000 488
0 1000 128
0 1000 428
0 1000 344
0 1000 344
0 1000 512
0 1000 404
0 1000 320
0 1000 440
0 1000 104
0 1000 296
0 1000 524
0 1000 440
0 1000 512
0 1000 452
0 1000 572
0 1000 320
0 1000 236
0 1000 380
0 1000 440
0 1000 464
0 1000 488
0 1000 224
0 1000 752
0 1000 512
0 1000 524
0 1000 572
0 1000 428
0 1000 656
0 1000 524
0 1000 416
0 1000 476
0 1000 476
0 1000 560
0 1000 584
0 1000 464
0 1000 464
0 1000 452
0 1000 476
0 1000 560
0 1000 548
0 1000 536
0 1000 488
0 1000 464
0 1000 548
0 1000 464
0 1000 728
0 1000 524
0 1000 572
0 1000 512
0 1000 560
0 1000 512
0 1000 236
0 1000 896
0 1000 464
0 1000 392
0 1000 368
0 1000 260
0 1000 560
0 1000 440
0 1000 416
0 1000 296
0 1000 356
0 1000 416
0 1000 476
0 1000 296
0 1000 308
0 1000 320
0 1000 476
0 1000 260
0 1000 464
0 1000 440
0 1000 428
0 1000 536
0 1000 404
0 1000 452
0 1000 572
0 1000 332
0 1000 236
0 1000 296
0 1000 140
0 1000 80
0 1000 512
0 1000 548
0 1000 296
0 1000 524
0 1000 632
0 1000 1028
0 1000 1208
0 1000 812
0 1000 1208
0 1000 596
0 1000 764
0 1000 596
0 1000 608
0 1000 296
0 1000 416
0 1000 380
0 1000 152
0 1000 392
0 1000 440
0 1000 452
0 1000 236
0 1000 32
0 1000 212
0 1000 128
0 1000 152
0 1000 116
0 1000 440
0 1000 608
0 1000 500
0 1000 188
0 1000 176
0 1000 416
0 1000 416
0 1000 392
0 1000 332
0 1000 308
0 1000 344
0 1000 392
0 1000 356
0 1000 320
0 1000 332
0 1000 416
0 1000 356
0 1000 404
0 1000 416
0 1000 428
0 1000 416
0 1000 464
0 1000 464
0 1000 440
0 1000 440
0 1000 428
0 1000 416
0 1000 440
0 1000 416
0 1000 464
0 1000 416
0 1000 428
0 1000 416
0 1000 416
0 1000 428
0 1000 416
0 1000 452
0 1000 428
0 1000 440
0 1000 464
0 1000 452
0 1000 452
0 1000 452
0 1000 464
0 1000 464
0 1000 488
0 1000 452
0 1000 452
0 1000 452
0 1000 452
0 1000 464
0 1000 440
0 1000 452
0 1000 452
0 1000 452
0 1000 440
0 1000 440
0 1000 416
0 1000 452
0 1000 440
0 1000 440
0 1000 440
0 1000 428
0 1000 428
0 1000 440
0 1000 428
0 1000 440
0 1000 440
0 1000 452
0 1000 440
0 1000 464
0 1000 464
0 1000 428
0 1000 440
0 1000 440
0 1000 452
0 1000 440
0 1000 440
0 1000 452
0 1000 452
0 1000 476
0 1000 452
0 1000 464
0 1000 440
0 1000 464
0 1000 440
0 1000 452
0 1000 464
0 1000 428
0 1000 440
0 1000 440
0 1000 440
0 1000 440
0 1000 440
0 1000 428
0 1000 428
0 1000 464
0 1000 416
0 1000 416
0 1000 440
0 1000 440
0 1000 452
0 1000 440
0 1000 440
0 1000 440
0 1000 452
0 1000 440
0 1000 452
0 1000 452
0 1000 464
0 1000 452
0 1000 452
0 1000 440
0 1000 464
0 1000 464
0 1000 452
0 1000 440
0 1000 440
0 1000 452
0 1000 440
0 1000 440
0 1000 452
0 1000 440
0 1000 440
0 1000 464
0 1000 452
0 1000 452
0 1000 452
0 1000 440
0 1000 440
0 1000 452
0 1000 452
0 1000 428
0 1000 416
0 1000 380
0 1000 536
0 1000 404
0 1000 428
0 1000 392
0 1000 416
0 1000 440
0 1000 404
0 1000 500
0 1000 404
0 1000 296
0 1000 620
0 1000 716
0 1000 236
0 1000 128
0 1000 152
0 1000 284
0 1000 320
0 1000 404
0 1000 536
0 1000 572
0 1000 476
0 1000 452
0 1000 200
0 1000 428
0 1000 404
0 1000 440
0 1000 464
0 1000 416
0 1000 512
0 1000 452
0 1000 488
0 1000 536
0 1000 536
0 1000 548
0 1000 524
0 1000 440
0 1000 440
0 1000 428
0 1000 488
0 1000 488
0 1000 524
0 1000 500
0 1000 500
0 1000 476
0 1000 464
0 1000 476
0 1000 476
0 1000 452
0 1000 440
0 1000 428
0 1000 428
0 1000 428
0 1000 416
0 1000 440
0 1000 464
0 1000 440
0 1000 440
0 1000 416
0 1000 440
0 1000 452
0 1000 428
0 1000 452
0 1000 440
0 1000 512
0 1000 500
0 1000 428
0 1000 428
0 1000 272
0 1000 800
0 1000 428
0 1000 656
0 1000 488
0 1000 380
0 1000 452
0 1000 440
0 1000 464
0 1000 452
0 1000 608
0 1000 812
0 1000 824
0 1000 692
0 1000 572
0 1000 296
0 1000 248
0 1000 68
0 1000 452
0 1000 536
0 1000 668
0 1000 164
0 1000 -160
0 1000 -160
0 1000 200
0 1000 152
0 1000 428
0 1000 1040
0 1000 92
0 1000 -100
0 1000 476
0 1000 716
0 1000 716
0 1000 1256
0 1000 608
0 1000 368
0 1000 296
0 1000 140
0 1000 320
0 1000 188
0 1000 776
0 1000 848
0 1000 680
0 1000 452
0 1000 452
0 1000 380
0 1000 272
0 1000 224
0 1000 344
0 1000 464
0 1000 392
0 1000 608
0 1000 488
0 1000 440
0 1000 404
0 1000 440
0 1000 320
0 1000 392
0 1000 284
0 1000 404
0 1000 332
0 1000 404
0 1000 428
0 1000 440
0 1000 392
0 1000 572
0 1000 572
0 1000 572
0 1000 548
0 1000 524
0 1000 524
0 1000 512
0 1000 476
0 1000 596
0 1000 452
0 1000 464
0 1000 464
0 1000 512
0 1000 476
0 1000 512
0 1000 548
0 1000 584
0 1000 596
0 1000 536
0 1000 500
0 1000 452
0 1000 404
0 1000 380
0 1000 344
0 1000 332
0 1000 380
0 1000 416
0 1000 416
0 1000 536
0 1000 584
0 1000 524
0 1000 656
0 1000 632
0 1000 548
0 1000 488
0 1000 440
0 1000 404
0 1000 296
0 1000 260
0 1000 332
0 1000 332
0 1000 284
0 1000 380
0 1000 308
0 1000 428
0 1000 500
0 1000 428
0 1000 440
0 1000 428
0 1000 488
0 1000 440
0 1000 464
0 1000 488
0 1000 464
0 1000 404
0 1000 488
0 1000 440
0 1000 476
0 1000 500
0 1000 536
0 1000 560
0 1000 512
0 1000 452
0 1000 440
0 1000 428
0 1000 428
0 1000 452
0 1000 440
0 1000 476
0 1000 428
0 1000 440
0 1000 440
0 1000 392
0 1000 440
0 1000 524
0 1000 440
0 1000 512
0 1000 464
0 1000 488
0 1000 476
0 1000 476
0 1000 464
0 1000 500
0 1000 464
0 1000 392
0 1000 332
0 1000 404
0 1000 368
0 1000 380
0 1000 368
0 1000 404
0 1000 488
0 1000 440
0 1000 392
0 1000 512
0 1000 500
0 1000 488
0 1000 476
0 1000 488
0 1000 488
0 1000 440
0 1000 488
0 1000 416
0 1000 392
0 1000 440
0 1000 452
0 1000 488
0 1000 584
0 1000 488
0 1000 476
0 1000 440
0 1000 428
0 1000 416
0 1000 380
0 1000 404
0 1000 416
0 1000 440
0 1000 500
0 1000 476
0 1000 476
0 1000 524
0 1000 416
0 1000 392
0 1000 476
0 1000 440
0 1000 440
0 1000 440
0 1000 428
0 1000 572
0 1000 416
0 1000 464
0 1000 428
0 1000 440
0 1000 428
0 1000 524
0 1000 440
0 1000 416
0 1000 452
0 1000 428
0 1000 452
0 1000 428
0 1000 452
0 1000 428
0 1000 440
0 1000 488
0 1000 464
0 1000 536
0 1000 476
0 1000 560
0 1000 572
0 1000 452
0 1000 452
0 1000 368
0 1000 284
0 1000 272
0 1000 236
0 1000 296
0 1000 416
0 1000 380
0 1000 428
0 1000 488
0 1000 440
0 1000 404
0 1000 404
0 1000 392
0 1000 380
0 1000 380
0 1000 488
0 1000 524
0 1000 596
0 1000 524
0 1000 512
0 1000 524
0 1000 452
0 1000 476
0 1000 428
0 1000 428
0 1000 428
0 1000 392
0 1000 428
0 1000 440
0 1000 404
0 1000 404
0 1000 464
0 1000 464
0 1000 440
0 1000 500
0 1000 512
0 1000 488
0 1000 500
0 1000 500
0 1000 440
0 1000 440
0 1000 440
0 1000 428
0 1000 440
0 1000 476
0 1000 452
0 1000 440
0 1000 440
0 1000 560
0 1000 440
0 1000 476
0 1000 416
0 1000 404
0 1000 440
0 1000 464
0 1000 488
0 1000 452
0 1000 488
0 1000 476
0 1000 464
0 1000 464
0 1000 428
0 1000 452
0 1000 416
0 1000 392
0 1000 404
0 1000 380
0 1000 368
0 1000 416
0 1000 368
0 1000 428
0 1000 440
0 1000 548
0 1000 560
0 1000 536
0 1000 512
0 1000 500
0 1000 512
0 1000 488
0 1000 476
0 1000 476
0 1000 488
0 1000 440
0 1000 428
0 1000 404
0 1000 320
0 1000 296
0 1000 296
0 1000 380
0 1000 392
0 1000 476
0 1000 464
0 1000 536
0 1000 476
0 1000 416
0 1000 332
0 1000 380
0 1000 368
0 1000 368
0 1000 548
0 1000 476
0 1000 512
0 1000 452
0 1000 428
0 1000 356
0 1000 320
0 1000 308
0 1000 380
0 1000 368
0 1000 188
0 1000 572
0 1000 344
0 1000 332
0 1000 308
0 1000 572
0 1000 596
0 1000 524
0 1000 836
0 1000 788
0 1000 536
0 1000 -4
0 1000 -112
0 1000 296
0 1000 -736
0 1000 536
0 1000 -700
0 1000 416
0 1000 -868
0 1000 2000
0 1000 1016
0 1000 620
0 1000 164
0 1000 1220
0 1000 860
0 1000 680
0 1000 668
0 1000 272
0 1000 1004
0 1000 104
0 1000 860
0 1000 1280
0 1000 -16
0 1000 980
0 1000 584
0 1000 824
0 1000 368
0 1000 632
0 1000 -40
0 1000 1088
0 1000 1112
0 1000 -112
0 1000 1148
0 1000 164
0 1000 344
0 1000 644
0 1000 8
0 1000 392
0 1000 -28
0 1000 956
0 1000 116
0 1000 404
0 1000 8
0 1000 440
0 1000 464
0 1000 440
0 1000 536
0 1000 512
0 1000 596
0 1000 512
0 1000 488
0 1000 560
0 1000 620
0 1000 620
0 1000 620
0 1000 668
0 1000 728
0 1000 764
0 1000 788
0 1000 800
0 1000 728
0 1000 668
0 1000 464
0 1000 128
0 1000 236
0 1000 224
0 1000 296
0 1000 308
0 1000 320
0 1000 368
0 1000 332
0 1000 344
0 1000 332
0 1000 404
0 1000 392
0 1000 392
0 1000 428
0 1000 368
0 1000 332
0 1000 368
0 1000 368
0 1000 344
0 1000 344
0 1000 356
0 1000 344
0 1000 380
0 1000 416
0 1000 524
0 1000 404
0 1000 368
0 1000 464
0 1000 428
0 1000 464
0 1000 524
0 1000 368
0 1000 464
0 1000 464
0 1000 452
0 1000 428
0 1000 416
0 1000 416
0 1000 440
0 1000 428
0 1000 452
0 1000 392
0 1000 488
0 1000 500
0 1000 380
0 1000 464
0 1000 368
0 1000 452
0 1000 248
0 1000 464
0 1000 392
0 1000 344
0 1000 368
0 1000 476
0 1000 464
0 1000 500
0 1000 428
0 1000 332
0 1000 356
0 1000 212
0 1000 272
0 1000 260
0 1000 308
0 1000 332
0 1000 236
0 1000 320
0 1000 104
0 1000 572
0 1000 284
0 1000 404
0 1000 416
0 1000 524
0 1000 536
0 1000 476
0 1000 752
0 1000 536
0 1000 512
0 1000 200
0 1000 848
0 1000 416
0 1000 716
0 1000 476
0 1000 -352
0 1000 1544
0 1000 320
0 1000 380
0 1000 716
0 1000 200
0 1000 680
0 1000 452
0 1000 572
0 1000 440
0 1000 692
0 1000 452
0 1000 824
0 1000 272
0 1000 692
0 1000 656
0 1000 -52
0 1000 656
0 1000 92
0 1000 896
0 1000 164
0 1000 260
0 1000 104
0 1000 1064
0 1000 524
0 1000 308
0 1000 116
0 1000 692
0 1000 404
0 1000 536
0 1000 -160
0 1000 656
0 1000 272
0 1000 416
0 1000 284
0 1000 416
0 1000 200
0 1000 728
0 1000 284
0 1000 560
0 1000 608
0 1000 536
0 1000 320
0 1000 248
0 1000 308
0 1000 284
0 1000 536
0 1000 416
0 1000 344
0 1000 536
0 1000 644
0 1000 260
0 1000 356
0 1000 452
0 1000 440
0 1000 464
0 1000 488
0 1000 560
0 1000 440
0 1000 440
0 1000 668
0 1000 488
0 1000 500
0 1000 464
0 1000 464
0 1000 464
0 1000 464
0 1000 596
0 1000 620
0 1000 656
0 1000 632
0 1000 620
0 1000 560
0 1000 512
0 1000 488
0 1000 488
0 1000 464
0 1000 452
0 1000 296
0 1000 296
0 1000 296
0 1000 320
0 1000 320
0 1000 368
0 1000 416
0 1000 392
0 1000 380
0 1000 356
0 1000 344
0 1000 332
0 1000 320
0 1000 320
0 1000 356
0 1000 296
0 1000 116
0 1000 380
0 1000 356
0 1000 668
0 1000 824
0 1000 860
0 1000 728
0 1000 632
0 1000 512
0 1000 248
0 1000 272
0 1000 260
0 1000 212
0 1000 188
0 1000 296
0 1000 416
0 1000 548
0 1000 500
0 1000 488
0 1000 500
0 1000 548
0 1000 572
0 1000 536
0 1000 476
0 1000 392
0 1000 380
0 1000 452
0 1000 428
0 1000 416
0 1000 416
0 1000 416
0 1000 428
0 1000 440
0 1000 452
0 1000 440
0 1000 464
0 1000 476
0 1000 452
0 1000 440
0 1000 428
0 1000 440
0 1000 428
0 1000 452
0 1000 428
0 1000 416
0 1000 392
0 1000 416
0 1000 416
0 1000 356
0 1000 356
0 1000 452
0 1000 548
0 1000 572
0 1000 572
0 1000 512
0 1000 332
0 1000 548
0 1000 368
0 1000 104
0 1000 644
0 1000 332
0 1000 224
0 1000 176
0 1000 548
0 1000 296
0 1000 476
0 1000 920
0 1000 776
0 1000 104
0 1000 560
0 1000 -472
0 1000 536
0 1000 44
0 1000 1136
0 1000 56
0 1000 764
0 1000 92
0 1000 692
0 1000 380
0 1000 560
0 1000 860
0 1000 536
0 1000 56
0 1000 488
0 1000 680
0 1000 776
0 1000 -40
0 1000 1016
0 1000 -724
0 1000 1172
0 1000 -4
0 1000 752
0 1000 476
0 1000 788
0 1000 260
0 1000 284
0 1000 -160
0 1000 728
0 1000 548
0 1000 260
0 1000 -184
0 1000 1028
0 1000 860
0 1000 200
0 1000 428
0 1000 464
0 1000 -676
0 1000 584
0 1000 1040
0 1000 44
0 1000 1160
0 1000 -472
0 1000 1352
0 1000 380
0 1000 440
0 1000 392
0 1000 776
0 1000 1064
0 1000 428
0 1000 452
0 1000 140
0 1000 440
0 1000 32
0 1000 572
0 1000 596
0 1000 -100
0 1000 680
0 1000 536
0 1000 572
0 1000 524
0 1000 212
0 1000 428
0 1000 536
0 1000 404
0 1000 104
0 1000 320
0 1000 1004
0 1000 320
0 1000 464
0 1000 320
0 1000 560
0 1000 296
0 1000 488
0 1000 440
0 1000 320
0 1000 572
0 1000 380
0 1000 380
0 1000 440
0 1000 452
0 1000 488
0 1000 488
0 1000 476
0 1000 476
0 1000 464
0 1000 500
0 1000 488
0 1000 488
0 1000 560
0 1000 584
0 1000 656
0 1000 668
0 1000 812
0 1000 836
0 1000 872
0 1000 308
0 1000 380
0 1000 368
0 1000 560
0 1000 44
0 1000 1148
0 1000 284
0 1000 -184
0 1000 -124
0 1000 596
0 1000 368
0 1000 416
0 1000 596
0 1000 656
0 1000 416
0 1000 248
0 1000 152
0 1000 248
0 1000 224
0 1000 308
0 1000 284
0 1000 296
0 1000 344
0 1000 356
0 1000 368
0 1000 464
0 1000 416
0 1000 416
0 1000 512
0 1000 488
0 1000 476
0 1000 428
0 1000 404
0 1000 404
0 1000 416
0 1000 488
0 1000 560
0 1000 536
0 1000 404
0 1000 296
0 1000 296
0 1000 332
0 1000 332
0 1000 404
0 1000 428
0 1000 392
0 1000 416
0 1000 452
0 1000 488
0 1000 404
0 1000 284
0 1000 416
0 1000 512
0 1000 632
0 1000 332
0 1000 404
0 1000 512
0 1000 404
0 1000 248
0 1000 416
0 1000 332
0 1000 428
0 1000 440
0 1000 464
0 1000 500
0 1000 500
0 1000 368
0 1000 452
0 1000 656
0 1000 812
0 1000 680
0 1000 512
0 1000 452
0 1000 380
0 1000 164
0 1000 152
0 1000 44
0 1000 272
0 1000 188
0 1000 416
0 1000 368
0 1000 440
0 1000 416
0 1000 440
0 1000 776
0 1000 440
0 1000 560
0 1000 -28
0 1000 872
0 1000 632
0 1000 752
0 1000 548
0 1000 596
0 1000 920
0 1000 776
0 1000 992
0 1000 596
0 1000 164
0 1000 1148
0 1000 -4
0 1000 224
0 1000 548
0 1000 176
0 1000 392
0 1000 416
0 1000 512
0 1000 80
0 1000 344
0 1000 620
0 1000 -136
0 1000 404
0 1000 -88
0 1000 524
0 1000 608
0 1000 908
0 1000 68
0 1000 476
0 1000 80
0 1000 1100
0 1000 164
0 1000 872
0 1000 20
0 1000 476
0 1000 1064
0 1000 -40
0 1000 584
0 1000 464
0 1000 476
0 1000 620
0 1000 44
0 1000 320
0 1000 284
0 1000 20
0 1000 860
0 1000 56
0 1000 716
0 1000 -4
0 1000 704
0 1000 368
0 1000 452
0 1000 428
0 1000 236
0 1000 668
0 1000 380
0 1000 368
0 1000 452
0 1000 416
0 1000 416
0 1000 716
0 1000 404
0 1000 524
0 1000 548
0 1000 584
0 1000 572
0 1000 536
0 1000 500
0 1000 500
0 1000 452
0 1000 476
0 1000 572
0 1000 668
0 1000 752
0 1000 812
0 1000 596
0 1000 464
0 1000 380
0 1000 368
0 1000 344
0 1000 284
0 1000 224
0 1000 332
0 1000 344
0 1000 404
0 1000 416
0 1000 428
0 1000 380
0 1000 332
0 1000 536
0 1000 884
0 1000 -880
0 1000 428
0 1000 260
0 1000 404
0 1000 308
0 1000 536
0 1000 416
0 1000 344
0 1000 284
0 1000 296
0 1000 332
0 1000 320
0 1000 428
0 1000 512
0 1000 500
0 1000 536
0 1000 524
0 1000 560
0 1000 524
0 1000 536
0 1000 572
0 1000 572
0 1000 716
0 1000 464
0 1000 224
0 1000 308
0 1000 380
0 1000 344
0 1000 320
0 1000 356
0 1000 392
0 1000 440
0 1000 416
0 1000 440
0 1000 428
0 1000 452
0 1000 440
0 1000 452
0 1000 464
0 1000 452
0 1000 452
0 1000 404
0 1000 476
0 1000 464
0 1000 476
0 1000 476
0 1000 452
0 1000 464
0 1000 464
0 1000 488
0 1000 452
0 1000 476
0 1000 464
0 1000 488
0 1000 464
0 1000 464
0 1000 464
0 1000 440
0 1000 440
0 1000 440
0 1000 428
0 1000 428
0 1000 440
0 1000 404
0 1000 452
0 1000 452
0 1000 464
0 1000 464
0 1000 452
0 1000 440
0 1000 440
0 1000 440
0 1000 440
0 1000 452
0 1000 440
0 1000 452
0 1000 440
0 1000 428
0 1000 440
0 1000 428
0 1000 452
0 1000 440
0 1000 440
0 1000 428
0 1000 416
0 1000 428
0 1000 464
0 1000 440
0 1000 452
0 1000 440
0 1000 428
0 1000 440
0 1000 416
0 1000 416
0 1000 440
0 1000 452
0 1000 440
0 1000 416
0 1000 464
0 1000 464
0 1000 464
0 1000 476
0 1000 464
0 1000 476
0 1000 488
0 1000 464
0 1000 464
0 1000 464
0 1000 440
0 1000 452
0 1000 452
0 1000 416
0 1000 416
0 1000 416
0 1000 428
0 1000 368
0 1000 548
0 1000 320
0 1000 572
0 1000 416
0 1000 140
0 1000 776
0 1000 428
0 1000 524
0 1000 440
0 1000 332
0 1000 476
0 1000 632
0 1000 404
0 1000 212
0 1000 368
0 1000 272
0 1000 188
0 1000 428
0 1000 164
0 1000 332
0 1000 -160
0 1000 404
0 1000 -40
0 1000 284
0 1000 320
0 1000 404
0 1000 272
0 1000 584
0 1000 920
0 1000 1004
0 1000 668
0 1000 1304
0 1000 1112
0 1000 740
0 1000 620
0 1000 404
0 1000 188
0 1000 104
0 1000 152
0 1000 776
0 1000 452
0 1000 716
0 1000 848
0 1000 800
0 1000 608
0 1000 560
0 1000 368
0 1000 212
0 1000 104
0 1000 92
0 1000 248
0 1000 356
0 1000 284
0 1000 104
0 1000 536
0 1000 380
0 1000 452
0 1000 572
0 1000 260
0 1000 500
0 1000 524
0 1000 608
0 1000 380
0 1000 440
0 1000 476
0 1000 536
0 1000 488
0 1000 524
0 1000 548
0 1000 164
0 1000 200
0 1000 512
0 1000 452
0 1000 512
0 1000 536
0 1000 764
0 1000 596
0 1000 812
0 1000 896
0 1000 572
0 1000 632
0 1000 200
0 1000 560
0 1000 -124
0 1000 656
0 1000 332
0 1000 584
0 1000 -268
0 1000 -436
0 1000 -496
0 1000 -208
0 1000 224
0 1000 -328
0 1000 68
0 1000 524
0 1000 -256
0 1000 -112
0 1000 848
0 1000 1028
0 1000 860
0 1000 1016
0 1000 1388
0 1000 728
0 1000 668
0 1000 680
0 1000 884
0 1000 272
0 1000 320
0 1000 260
0 1000 80
0 1000 -52
0 1000 320
0 1000 8
0 1000 140
0 1000 476
0 1000 440
0 1000 260
0 1000 584
0 1000 848
0 1000 1412
0 1000 1292
0 1000 932
0 1000 1028
0 1000 1496
0 1000 1412
0 1000 1172
0 1000 800
0 1000 452
0 1000 1400
0 1000 1472
0 1000 596
0 1000 632
0 1000 1748
0 1000 752
0 1000 512
0 1000 824
0 1000 -472
0 1000 392
0 1000 -352
0 1000 -508
0 1000 -1444
0 1000 -508
0 1000 8
0 1000 -148
0 1000 -1228
0 1000 -1096
0 1000 -700
0 1000 -1444
0 1000 -580
0 1000 -568
0 1000 980
0 1000 380
0 1000 752
0 1000 968
0 1000 848
0 1000 1388
0 1000 716
0 1000 872
0 1000 1028
0 1000 620
0 1000 824
0 1000 164
0 1000 188
0 1000 848
0 1000 584
0 1000 596
0 1000 968
0 1000 608
0 1000 524
0 1000 560
0 1000 848
0 1000 620
0 1000 896
0 1000 824
0 1000 1040
0 1000 1244
0 1000 992
0 1000 488
0 1000 1004
0 1000 1088
0 1000 1148
0 1000 368
0 1000 1592
0 1000 1472
0 1000 608
0 1000 1040
0 1000 56
0 1000 -112
0 1000 44
0 1000 -592
0 1000 -868
0 1000 -916
0 1000 56
0 1000 -964
0 1000 -376
0 1000 56
0 1000 -1384
0 1000 -796
0 1000 -172
0 1000 -616
0 1000 -172
0 1000 476
0 1000 344
0 1000 692
0 1000 1028
0 1000 656
0 1000 668
0 1000 716
0 1000 524
0 1000 764
0 1000 524
0 1000 308
0 1000 284
0 1000 260
0 1000 680
0 1000 500
0 1000 524
0 1000 608
0 1000 260
0 1000 440
0 1000 572
0 1000 824
0 1000 1004
0 1000 908
0 1000 908
0 1000 1316
0 1000 740
0 1000 1388
0 1000 1376
0 1000 1472
0 1000 1412
0 1000 956
0 1000 296
0 1000 1088
0 1000 1280
0 1000 1208
0 1000 200
0 1000 620
0 1000 164
0 1000 200
0 1000 -88
0 1000 -160
0 1000 -1048
0 1000 -832
0 1000 -616
0 1000 -256
0 1000 -364
0 1000 -712
0 1000 -604
0 1000 -244
0 1000 80
0 1000 152
0 1000 536
0 1000 596
0 1000 536
0 1000 596
0 1000 416
0 1000 812
0 1000 968
0 1000 860
0 1000 800
0 1000 680
0 1000 572
0 1000 548
0 1000 548
0 1000 428
0 1000 536
0 1000 416
0 1000 380
0 1000 320
0 1000 356
0 1000 260
0 1000 440
0 1000 500
0 1000 620
0 1000 968
0 1000 896
0 1000 692
0 1000 416
0 1000 596
0 1000 608
0 1000 992
0 1000 1088
0 1000 932
0 1000 932
0 1000 1244
0 1000 1004
0 1000 380
0 1000 212
0 1000 56
0 1000 296
0 1000 368
0 1000 32
0 1000 -64
0 1000 92
0 1000 236
0 1000 212
0 1000 212
0 1000 452
0 1000 368
0 1000 776
0 1000 260
0 1000 512
0 1000 476
0 1000 884
0 1000 512
0 1000 524
0 1000 428
0 1000 524
0 1000 368
0 1000 344
0 1000 488
0 1000 536
0 1000 344
0 1000 332
0 1000 644
0 1000 356
0 1000 212
0 1000 236
0 1000 392
0 1000 440
0 1000 380
0 1000 332
0 1000 416
0 1000 428
0 1000 416
0 1000 404
0 1000 416
0 1000 560
0 1000 488
0 1000 284
0 1000 584
0 1000 716
0 1000 440
0 1000 584
0 1000 668
0 1000 704
0 1000 572
0 1000 152
0 1000 644
0 1000 248
0 1000 764
0 1000 344
0 1000 272
0 1000 332
0 1000 440
0 1000 428
0 1000 308
0 1000 200
0 1000 308
0 1000 548
0 1000 812
0 1000 800
0 1000 572
0 1000 644
0 1000 704
0 1000 656
0 1000 704
0 1000 440
0 1000 452
0 1000 152
0 1000 488
0 1000 740
0 1000 560
0 1000 740
0 1000 452
0 1000 224
0 1000 224
0 1000 176
0 1000 104
0 1000 -76
0 1000 -400
0 1000 -148
0 1000 44
0 1000 356
0 1000 488
0 1000 860
0 1000 584
0 1000 728
0 1000 764
0 1000 368
0 1000 608
0 1000 -88
0 1000 380
0 1000 728
0 1000 932
0 1000 1328
0 1000 680
0 1000 1280
0 1000 1292
0 1000 8
0 1000 1268
0 1000 344
0 1000 596
0 1000 368
0 1000 -268
0 1000 104
0 1000 332
0 1000 428
0 1000 296
0 1000 596
0 1000 404
0 1000 656
0 1000 236
0 1000 200
0 1000 668
0 1000 380
0 1000 452
0 1000 284
0 1000 308
0 1000 44
0 1000 -640
0 1000 -100
0 1000 -292
0 1000 -352
0 1000 -400
0 1000 128
0 1000 -640
0 1000 -352
0 1000 368
0 1000 1196
0 1000 1220
0 1000 872
0 1000 464
0 1000 128
0 1000 -4
0 1000 584
0 1000 884
0 1000 812
0 1000 932
0 1000 536
0 1000 512
0 1000 740
0 1000 1004
0 1000 1748
0 1000 1592
0 1000 488
0 1000 56
0 1000 -136
0 1000 104
0 1000 344
0 1000 116
0 1000 296
0 1000 452
0 1000 428
0 1000 356
0 1000 -148
0 1000 440
0 1000 -616
0 1000 992
0 1000 332
0 1000 32
0 1000 -304
0 1000 620
0 1000 140
0 1000 -208
0 1000 884
0 1000 1148
0 1000 632
0 1000 1832
0 1000 2120
0 1000 2348
0 1000 2156
0 1000 428
0 1000 -652
0 1000 -100
0 1000 -448
0 1000 -544
0 1000 -472
0 1000 1256
0 1000 1436
0 1000 1052
0 1000 392
0 1000 -472
0 1000 -112
0 1000 560
0 1000 80
0 1000 32
0 1000 500
0 1000 464
0 1000 248
0 1000 272
0 1000 776
0 1000 872
0 1000 116
0 1000 -76
0 1000 -964
0 1000 428
0 1000 -64
0 1000 236
0 1000 -472
0 1000 116
0 1000 332
0 1000 944
0 1000 440
0 1000 608
0 1000 380
0 1000 860
0 1000 620
0 1000 908
0 1000 956
0 1000 1208
0 1000 1136
0 1000 1256
0 1000 1136
0 1000 1388
0 1000 1040
0 1000 416
0 1000 164
0 1000 572
0 1000 800
0 1000 680
0 1000 416
0 1000 -100
0 1000 224
0 1000 -376
0 1000 428
0 1000 692
0 1000 -232
0 1000 752
0 1000 1232
0 1000 320
0 1000 800
0 1000 1028
0 1000 44
0 1000 812
0 1000 116
0 1000 -244
0 1000 548
0 1000 -220
0 1000 -28
0 1000 716
0 1000 704
0 1000 344
0 1000 584
0 1000 -160
0 1000 -172
0 1000 44
0 1000 -748
0 1000 -556
0 1000 -148
0 1000 848
0 1000 272
0 1000 260
0 1000 92
0 1000 500
0 1000 212
0 1000 -412
0 1000 248
0 1000 992
0 1000 440
0 1000 56
0 1000 -64
0 1000 1124
0 1000 788
0 1000 1280
0 1000 1148
0 1000 584
0 1000 524
0 1000 608
0 1000 512
0 1000 584
0 1000 572
0 1000 920
0 1000 908
0 1000 632
0 1000 656
0 1000 548
0 1000 608
0 1000 656
0 1000 548
0 1000 560
0 1000 668
0 1000 488
0 1000 440
0 1000 428
0 1000 836
0 1000 332
0 1000 524
0 1000 740
0 1000 464
0 1000 680
0 1000 1460
0 1000 284
0 1000 752
0 1000 848
0 1000 1772
0 1000 716
0 1000 1640
0 1000 860
0 1000 -124
0 1000 -472
0 1000 -556
0 1000 -556
0 1000 -244
0 1000 -220
0 1000 968
0 1000 1196
0 1000 728
0 1000 -652
0 1000 944
0 1000 -148
0 1000 140
0 1000 -736
0 1000 272
0 1000 56
0 1000 392
0 1000 1112
0 1000 764
0 1000 92
0 1000 176
0 1000 344
0 1000 596
0 1000 236
0 1000 56
0 1000 1460
0 1000 632
0 1000 896
0 1000 572
0 1000 -160
0 1000 56
0 1000 224
0 1000 368
0 1000 512
0 1000 548
0 1000 752
0 1000 1004
0 1000 1280
0 1000 1136
0 1000 848
0 1000 944
0 1000 992
0 1000 1316
0 1000 332
0 1000 332
0 1000 284
0 1000 236
0 1000 284
0 1000 212
0 1000 68
0 1000 68
0 1000 260
0 1000 920
0 1000 524
0 1000 416
0 1000 596
0 1000 392
0 1000 572
0 1000 632
0 1000 488
0 1000 80
0 1000 -4
0 1000 -52
0 1000 332
0 1000 452
0 1000 20
0 1000 992
0 1000 668
0 1000 260
0 1000 -448
0 1000 -472
0 1000 -100
0 1000 128
0 1000 260
0 1000 -496
0 1000 452
0 1000 -568
0 1000 884
0 1000 -328
0 1000 1196
0 1000 128
0 1000 884
0 1000 884
0 1000 -148
0 1000 1256
0 1000 296
0 1000 92
0 1000 536
0 1000 -676
0 1000 -136
0 1000 356
0 1000 836
0 1000 620
0 1000 956
0 1000 392
0 1000 344
0 1000 464
0 1000 20
0 1000 356
0 1000 524
0 1000 368
0 1000 1316
0 1000 836
0 1000 656
0 1000 1148
0 1000 380
0 1000 44
0 1000 128
0 1000 80
0 1000 -4
0 1000 236
0 1000 452
0 1000 512
0 1000 632
0 1000 836
0 1000 1052
0 1000 812
0 1000 368
0 1000 140
0 1000 224
0 1000 500
0 1000 524
0 1000 164
0 1000 8
0 1000 -220
0 1000 92
0 1000 140
0 1000 1232
0 1000 968
0 1000 632
0 1000 1340
0 1000 1088
0 1000 68
0 1000 1688
0 1000 668
0 1000 1796
0 1000 2180
0 1000 644
0 1000 392
0 1000 -292
0 1000 1004
0 1000 1280
0 1000 920
0 1000 392
0 1000 20
0 1000 -556
0 1000 -748
0 1000 -460
0 1000 -304
0 1000 356
0 1000 512
0 1000 608
0 1000 476
0 1000 452
0 1000 416
0 1000 368
0 1000 548
0 1000 572
0 1000 596
0 1000 752
0 1000 740
0 1000 584
0 1000 344
0 1000 668
0 1000 728
0 1000 212
0 1000 176
0 1000 356
0 1000 344
0 1000 368
0 1000 524
0 1000 692
0 1000 644
0 1000 620
0 1000 488
0 1000 452
0 1000 488
0 1000 464
0 1000 416
0 1000 488
0 1000 476
0 1000 380
0 1000 464
0 1000 560
0 1000 428
0 1000 320
0 1000 368
0 1000 440
0 1000 464
0 1000 476
0 1000 464
0 1000 272
0 1000 296
0 1000 392
0 1000 416
0 1000 440
0 1000 440
0 1000 320
0 1000 200
0 1000 308
0 1000 308
0 1000 356
0 1000 356
0 1000 308
0 1000 356
0 1000 440
0 1000 488
0 1000 488
0 1000 488
0 1000 488
0 1000 488
0 1000 464
0 1000 464
0 1000 428
0 1000 392
0 1000 392
0 1000 380
0 1000 404
0 1000 380
0 1000 344
0 1000 368
0 1000 392
0 1000 392
0 1000 404
0 1000 368
0 1000 380
0 1000 356
0 1000 392
0 1000 428
0 1000 488
0 1000 524
0 1000 572
0 1000 572
0 1000 584
0 1000 572
0 1000 548
0 1000 560
0 1000 560
0 1000 596
0 1000 608
0 1000 584
0 1000 524
0 1000 500
0 1000 500
0 1000 464
0 1000 440
0 1000 416
0 1000 392
0 1000 380
0 1000 392
0 1000 392
0 1000 392
0 1000 440
0 1000 416
0 1000 428
0 1000 416
0 1000 416
0 1000 428
0 1000 416
0 1000 404
0 1000 392
0 1000 416
0 1000 428
0 1000 392
0 1000 404
0 1000 404
0 1000 428
0 1000 440
0 1000 440
0 1000 464
0 1000 440
0 1000 440
0 1000 452
0 1000 440
0 1000 452
0 1000 428
0 1000 440
0 1000 428
0 1000 488
0 1000 452
0 1000 452
0 1000 464
0 1000 476
0 1000 440
0 1000 440
0 1000 428
0 1000 476
0 1000 476
0 1000 512
0 1000 524
0 1000 512
0 1000 512
0 1000 476
0 1000 452
0 1000 452
0 1000 440
0 1000 392
0 1000 416
0 1000 404
0 1000 416
0 1000 416
0 1000 416
0 1000 404
0 1000 392
0 1000 404
0 1000 392
0 1000 380
0 1000 416
0 1000 464
0 1000 476
0 1000 464
0 1000 440
0 1000 440
0 1000 452
0 1000 488
0 1000 464
0 1000 440
0 1000 416
0 1000 404
0 1000 404
0 1000 404
0 1000 416
0 1000 452
0 1000 416
0 1000 368
0 1000 236
0 1000 620
0 1000 380
0 1000 596
0 1000 200
0 1000 404
0 1000 656
0 1000 536
0 1000 548
0 1000 992
0 1000 212
0 1000 392
0 1000 428
0 1000 824
0 1000 248
0 1000 896
0 1000 200
0 1000 644
0 1000 392
0 1000 428
0 1000 644
0 1000 488
0 1000 224
0 1000 296
0 1000 824
0 1000 668
0 1000 596
0 1000 428
0 1000 152
0 1000 68
0 1000 248
0 1000 308
0 1000 152
0 1000 -592
0 1000 740
0 1000 -304
0 1000 212
0 1000 -136
0 1000 704
0 1000 116
0 1000 1052
0 1000 908
0 1000 896
0 1000 428
0 1000 680
0 1000 176
0 1000 272
0 1000 8
0 1000 152
0 1000 188
0 1000 -436
0 1000 176
0 1000 -592
0 1000 644
0 1000 -184
0 1000 884
0 1000 416
0 1000 488
0 1000 248
0 1000 -88
0 1000 440
0 1000 116
0 1000 -184
0 1000 416
0 1000 -184
0 1000 -220
0 1000 800
0 1000 -436
0 1000 1424
0 1000 464
0 1000 1100
0 1000 1016
0 1000 896
0 1000 632
0 1000 236
0 1000 -604
0 1000 1040
0 1000 500
0 1000 -484
0 1000 332
0 1000 212
0 1000 236
0 1000 -4
0 1000 740
0 1000 164
0 1000 116
0 1000 1460
0 1000 56
0 1000 248
0 1000 1304
0 1000 200
0 1000 212
0 1000 800
0 1000 620
0 1000 248
0 1000 356
0 1000 260
0 1000 320
0 1000 560
0 1000 644
0 1000 620
0 1000 764
0 1000 368
0 1000 536
0 1000 440
0 1000 608
0 1000 356
0 1000 368
0 1000 764
0 1000 476
0 1000 272
0 1000 332
0 1000 284
0 1000 392
0 1000 488
0 1000 632
0 1000 692
0 1000 464
0 1000 692
0 1000 572
0 1000 752
0 1000 596
0 1000 644
0 1000 524
0 1000 536
0 1000 536
0 1000 620
0 1000 548
0 1000 740
0 1000 488
0 1000 488
0 1000 572
0 1000 656
0 1000 704
0 1000 500
0 1000 500
0 1000 380
0 1000 404
0 1000 392
0 1000 584
0 1000 440
0 1000 404
0 1000 344
0 1000 428
0 1000 416
0 1000 392
0 1000 332
0 1000 584
0 1000 224
0 1000 368
0 1000 428
0 1000 224
0 1000 104
0 1000 56
0 1000 176
0 1000 344
0 1000 332
0 1000 404
0 1000 680
0 1000 848
0 1000 788
0 1000 800
0 1000 752
0 1000 848
0 1000 980
0 1000 932
0 1000 956
0 1000 932
0 1000 824
0 1000 500
0 1000 68
0 1000 164
0 1000 296
0 1000 728
0 1000 -40
0 1000 560
0 1000 800
0 1000 740
0 1000 476
0 1000 344
0 1000 512
0 1000 560
0 1000 308
0 1000 -64
0 1000 -232
0 1000 32
0 1000 200
0 1000 260
0 1000 236
0 1000 248
0 1000 344
0 1000 344
0 1000 260
0 1000 224
0 1000 224
0 1000 392
0 1000 512
0 1000 608
0 1000 620
0 1000 596
0 1000 584
0 1000 596
0 1000 572
0 1000 524
0 1000 488
0 1000 452
0 1000 452
0 1000 440
0 1000 368
0 1000 320
0 1000 464
0 1000 296
0 1000 524
0 1000 536
0 1000 32
0 1000 260
0 1000 320
0 1000 500
0 1000 188
0 1000 488
0 1000 356
0 1000 320
0 1000 536
0 1000 584
0 1000 800
0 1000 920
0 1000 440
0 1000 260
0 1000 476
0 1000 944
0 1000 452
0 1000 284
0 1000 440
0 1000 440
0 1000 644
0 1000 392
0 1000 464
0 1000 656
0 1000 272
0 1000 740
0 1000 284
0 1000 224
0 1000 176
0 1000 -40
0 1000 224
0 1000 224
0 1000 284
0 1000 548
0 1000 428
0 1000 380
0 1000 308
0 1000 248
0 1000 608
0 1000 752
0 1000 572
0 1000 824
0 1000 608
0 1000 572
0 1000 488
0 1000 500
0 1000 452
0 1000 536
0 1000 -568
0 1000 752
0 1000 620
0 1000 440
0 1000 404
0 1000 932
0 1000 380
0 1000 548
0 1000 152
0 1000 356
0 1000 116
0 1000 -148
0 1000 272
0 1000 260
0 1000 332
0 1000 452
0 1000 272
0 1000 560
0 1000 464
0 1000 476
0 1000 404
0 1000 440
0 1000 512
0 1000 284
0 1000 764
0 1000 308
0 1000 548
0 1000 416
0 1000 296
0 1000 488
0 1000 464
0 1000 728
0 1000 356
0 1000 428
0 1000 380
0 1000 560
0 1000 344
0 1000 728
0 1000 380
0 1000 500
0 1000 440
0 1000 320
0 1000 308
0 1000 368
0 1000 380
0 1000 428
0 1000 596
0 1000 188
0 1000 560
0 1000 284
0 1000 368
0 1000 488
0 1000 536
0 1000 296
0 1000 380
0 1000 596
0 1000 728
0 1000 404
0 1000 668
0 1000 308
0 1000 524
0 1000 236
0 1000 524
0 1000 236
0 1000 704
0 1000 704
0 1000 524
0 1000 380
0 1000 272
0 1000 320
0 1000 488
0 1000 488
0 1000 920
0 1000 296
0 1000 308
0 1000 224
0 1000 452
0 1000 332
0 1000 284
0 1000 344
0 1000 344
0 1000 356
0 1000 572
0 1000 464
0 1000 596
0 1000 524
0 1000 416
0 1000 584
0 1000 452
0 1000 404
0 1000 428
0 1000 596
0 1000 476
0 1000 440
0 1000 428
0 1000 464
0 1000 608
0 1000 476
0 1000 464
0 1000 404
0 1000 368
0 1000 332
0 1000 548
0 1000 464
0 1000 416
0 1000 488
0 1000 512
0 1000 548
0 1000 680
0 1000 500
0 1000 416
0 1000 428
0 1000 416
0 1000 488
0 1000 524
0 1000 524
0 1000 416
0 1000 404
0 1000 404
0 1000 440
0 1000 452
0 1000 392
0 1000 704
0 1000 404
0 1000 572
0 1000 476
0 1000 344
0 1000 452
0 1000 584
0 1000 320
0 1000 476
0 1000 416
0 1000 392
0 1000 440
0 1000 464
0 1000 536
0 1000 452
0 1000 512
0 1000 452
0 1000 476
0 1000 440
0 1000 464
0 1000 344
0 1000 440
0 1000 404
0 1000 500
0 1000 392
0 1000 488
0 1000 428
0 1000 464
0 1000 380
0 1000 656
0 1000 404
0 1000 584
0 1000 440
0 1000 404
0 1000 428
0 1000 452
0 1000 440
0 1000 464
0 1000 464
0 1000 392
0 1000 560
0 1000 440
0 1000 440
0 1000 440
0 1000 440
0 1000 464
0 1000 440
0 1000 452
0 1000 440
0 1000 488
0 1000 440
0 1000 524
0 1000 524
0 1000 452
0 1000 416
0 1000 368
0 1000 560
0 1000 536
0 1000 608
0 1000 296
0 1000 1016
0 1000 764
0 1000 500
0 1000 596
0 1000 764
0 1000 620
0 1000 740
0 1000 92
0 1000 -268
0 1000 -148
0 1000 116
0 1000 308
0 1000 392
0 1000 380
0 1000 908
0 1000 932
0 1000 1124
0 1000 1136
0 1000 920
0 1000 464
0 1000 140
0 1000 272
0 1000 68
0 1000 68
0 1000 -4
0 1000 -64
0 1000 212
0 1000 524
0 1000 464
0 1000 356
0 1000 1832
0 1000 296
0 1000 380
0 1000 188
0 1000 764
0 1000 224
0 1000 584
0 1000 248
0 1000 656
0 1000 176
0 1000 152
0 1000 296
0 1000 308
0 1000 536
0 1000 488
0 1000 260
0 1000 896
0 1000 536
0 1000 260
0 1000 596
0 1000 476
0 1000 -100
0 1000 296
0 1000 620
0 1000 884
0 1000 560
0 1000 548
0 1000 224
0 1000 548
0 1000 -244
0 1000 1004
0 1000 -148
0 1000 680
0 1000 -28
0 1000 308
0 1000 308
0 1000 824
0 1000 548
0 1000 1124
0 1000 908
0 1000 1316
0 1000 -352
0 1000 -232
0 1000 932
0 1000 1028
0 1000 1208
0 1000 -196
0 1000 20
0 1000 -160
0 1000 212
0 1000 1568
0 1000 848
0 1000 -172
0 1000 56
0 1000 3212
0 1000 404
0 1000 -124
0 1000 1316
0 1000 -496
0 1000 1028
0 1000 632
0 1000 320
0 1000 896
0 1000 224
0 1000 1256
0 1000 308
0 1000 1124
0 1000 212
0 1000 1280
0 1000 272
0 1000 944
0 1000 140
0 1000 248
0 1000 668
0 1000 8
0 1000 -40
0 1000 776
0 1000 944
0 1000 800
0 1000 1052
0 1000 1544
0 1000 92
0 1000 344
0 1000 500
0 1000 404
0 1000 -40
0 1000 980
0 1000 812
0 1000 116
0 1000 128
0 1000 -508
0 1000 -724
0 1000 692
0 1000 -352
0 1000 224
0 1000 248
0 1000 320
0 1000 392
0 1000 728
0 1000 872
0 1000 512
0 1000 416
0 1000 -160
0 1000 344
0 1000 488
0 1000 236
0 1000 -832
0 1000 1628
0 1000 3332
0 1000 488
0 1000 728
0 1000 272
0 1000 -160
0 1000 -16
0 1000 -760
0 1000 488
0 1000 -136
0 1000 272
0 1000 -316
0 1000 1136
0 1000 272
0 1000 -844
0 1000 464
0 1000 404
0 1000 -1192
0 1000 -1312
0 1000 -208
0 1000 44
0 1000 284
0 1000 284
0 1000 1160
0 1000 2192
0 1000 632
0 1000 -328
0 1000 584
0 1000 1016
0 1000 2480
0 1000 2720
0 1000 296
0 1000 1784
0 1000 752
0 1000 740
0 1000 1100
0 1000 908
0 1000 272
0 1000 128
0 1000 -52
0 1000 416
0 1000 260
0 1000 416
0 1000 -64
0 1000 464
0 1000 1160
0 1000 992
0 1000 332
0 1000 -820
0 1000 -400
0 1000 404
0 1000 1076
0 1000 224
0 1000 -556
0 1000 -1036
0 1000 296
0 1000 152
0 1000 -88
0 1000 824
0 1000 -676
0 1000 428
0 1000 2000
0 1000 -664
0 1000 236
0 1000 -1516
0 1000 -364
0 1000 188
0 1000 2240
0 1000 908
0 1000 -256
0 1000 440
0 1000 1484
0 1000 308
0 1000 -292
0 1000 -412
0 1000 1256
0 1000 1964
0 1000 188
0 1000 1580
0 1000 -28
0 1000 -64
0 1000 44
0 1000 -292
0 1000 3056
0 1000 -88
0 1000 -304
0 1000 2216
0 1000 560
0 1000 1424
0 1000 884
0 1000 248
0 1000 1208
0 1000 884
0 1000 1172
0 1000 -976
0 1000 -256
0 1000 -556
0 1000 212
0 1000 932
0 1000 716
0 1000 -856
0 1000 92
0 1000 560
0 1000 1328
0 1000 260
0 1000 -580
0 1000 752
0 1000 2132
0 1000 536
0 1000 680
0 1000 -424
0 1000 -964
0 1000 140
0 1000 176
0 1000 32
0 1000 2360
0 1000 1592
0 1000 392
0 1000 740
0 1000 164
0 1000 728
0 1000 248
0 1000 944
0 1000 668
0 1000 -280
0 1000 464
0 1000 -784
0 1000 -28
0 1000 332
0 1000 404
0 1000 536
0 1000 512
0 1000 8
0 1000 368
0 1000 896
0 1000 1352
0 1000 536
0 1000 1700
0 1000 476
0 1000 944
0 1000 440
0 1000 500
0 1000 260
0 1000 272
0 1000 524
0 1000 272
0 1000 548
0 1000 824
0 1000 -64
0 1000 956
0 1000 140
0 1000 164
0 1000 44
0 1000 284
0 1000 212
0 1000 1064
0 1000 1160
0 1000 944
0 1000 584
0 1000 -112
0 1000 1808
0 1000 -232
0 1000 764
0 1000 1376
0 1000 284
0 1000 584
0 1000 212
0 1000 632
0 1000 -244
0 1000 -76
0 1000 944
0 1000 428
0 1000 344
0 1000 644
0 1000 764
0 1000 560
0 1000 428
0 1000 800
0 1000 164
0 1000 -604
0 1000 -52
0 1000 1040
0 1000 104
0 1000 464
0 1000 1124
0 1000 560
0 1000 1472
0 1000 644
0 1000 -148
0 1000 92
0 1000 668
0 1000 428
0 1000 440
0 1000 632
0 1000 632
0 1000 572
0 1000 152
0 1000 368
0 1000 284
0 1000 920
0 1000 404
0 1000 620
0 1000 -88
0 1000 776
0 1000 -4
0 1000 860
0 1000 1604
0 1000 -4
0 1000 2108
0 1000 296
0 1000 632
0 1000 140
0 1000 1076
0 1000 536
0 1000 -304
0 1000 1076
0 1000 56
0 1000 -112
0 1000 104
0 1000 164
0 1000 680
0 1000 188
0 1000 656
0 1000 644
0 1000 284
0 1000 464
0 1000 44
0 1000 848
0 1000 -820
0 1000 -616
0 1000 416
0 1000 92
0 1000 836
0 1000 728
0 1000 -412
0 1000 -796
0 1000 -40
0 1000 512
0 1000 -52
0 1000 56
0 1000 56
0 1000 560
0 1000 1136
0 1000 -232
0 1000 2324
0 1000 296
0 1000 476
0 1000 128
0 1000 1304
0 1000 692
0 1000 908
0 1000 272
0 1000 524
0 1000 512
0 1000 1112
0 1000 260
0 1000 464
0 1000 -148
0 1000 1088
0 1000 -136
0 1000 284
0 1000 1016
0 1000 -268
0 1000 44
0 1000 320
0 1000 476
0 1000 -4
0 1000 800
0 1000 380
0 1000 -40
0 1000 512
0 1000 752
0 1000 -280
0 1000 176
0 1000 620
0 1000 1448
0 1000 1004
0 1000 128
0 1000 560
0 1000 56
0 1000 860
0 1000 152
0 1000 524
0 1000 776
0 1000 284
0 1000 248
0 1000 -208
0 1000 620
0 1000 8
0 1000 608
0 1000 -4
0 1000 560
0 1000 836
0 1000 296
0 1000 1196
0 1000 -412
0 1000 488
0 1000 1208
0 1000 956
0 1000 -316
0 1000 -112
0 1000 20
0 1000 1544
0 1000 416
0 1000 32
0 1000 692
0 1000 8
0 1000 1772
0 1000 -76
0 1000 -376
0 1000 224
0 1000 320
0 1000 1172
0 1000 536
0 1000 380
0 1000 344
0 1000 788
0 1000 152
0 1000 704
0 1000 188
0 1000 620
0 1000 440
0 1000 536
0 1000 68
0 1000 44
0 1000 56
0 1000 956
0 1000 32
0 1000 608
0 1000 44
0 1000 248
0 1000 776
0 1000 56
0 1000 680
0 1000 248
0 1000 512
0 1000 548
0 1000 368
0 1000 392
0 1000 128
0 1000 1064
0 1000 296
0 1000 728
0 1000 560
0 1000 260
0 1000 140
0 1000 272
0 1000 1136
0 1000 524
0 1000 224
0 1000 1796
0 1000 -4
0 1000 -64
0 1000 416
0 1000 308
0 1000 476
0 1000 560
0 1000 296
0 1000 140
0 1000 704
0 1000 440
0 1000 452
0 1000 476
0 1000 584
0 1000 440
0 1000 236
0 1000 392
0 1000 368
0 1000 428
0 1000 332
0 1000 512
0 1000 536
0 1000 560
0 1000 320
0 1000 332
0 1000 440
0 1000 272
0 1000 548
0 1000 452
0 1000 476
0 1000 320
0 1000 488
0 1000 428
0 1000 464
0 1000 476
0 1000 560
0 1000 296
0 1000 452
0 1000 452
0 1000 488
0 1000 404
0 1000 356
0 1000 368
0 1000 512
0 1000 524
0 1000 440
0 1000 476
0 1000 608
0 1000 260
0 1000 416
0 1000 440
0 1000 644
0 1000 368
0 1000 488
0 1000 320
0 1000 320
0 1000 368
0 1000 560
0 1000 332
0 1000 380
0 1000 560
0 1000 404
0 1000 452
0 1000 416
0 1000 680
0 1000 392
0 1000 452
0 1000 440
0 1000 512
0 1000 416
0 1000 560
0 1000 416
0 1000 560
0 1000 356
0 1000 416
0 1000 476
0 1000 452
0 1000 356
0 1000 392
0 1000 416
0 1000 620
0 1000 332
0 1000 440
0 1000 524
0 1000 548
0 1000 500
0 1000 440
0 1000 452
0 1000 380
0 1000 476
0 1000 668
0 1000 416
0 1000 428
0 1000 416
0 1000 404
0 1000 416
0 1000 428
0 1000 404
0 1000 428
0 1000 524
0 1000 416
0 1000 464
0 1000 440
0 1000 524
0 1000 428
0 1000 488
0 1000 668
0 1000 380
0 1000 476
0 1000 476
0 1000 476
0 1000 584
0 1000 584
0 1000 524
0 1000 512
0 1000 476
0 1000 464
0 1000 512
0 1000 548
0 1000 512
0 1000 464
0 1000 272
0 1000 80
0 1000 152
0 1000 200
0 1000 296
0 1000 296
0 1000 224
0 1000 1496
0 1000 3188
0 1000 -208
0 1000 -2500
0 1000 1196
0 1000 2600
0 1000 1280
0 1000 308
0 1000 -1072
0 1000 320
0 1000 1076
0 1000 1484
0 1000 1184
0 1000 788
0 1000 -340
0 1000 -304
0 1000 152
0 1000 656
0 1000 1004
0 1000 488
0 1000 152
0 1000 164
0 1000 248
0 1000 392
0 1000 368
0 1000 344
0 1000 344
0 1000 344
0 1000 452
0 1000 512
0 1000 524
0 1000 404
0 1000 308
0 1000 272
0 1000 344
0 1000 428
0 1000 488
0 1000 548
0 1000 572
0 1000 524
0 1000 476
0 1000 452
0 1000 452
0 1000 476
0 1000 464
0 1000 488
0 1000 488
0 1000 464
0 1000 452
0 1000 440
0 1000 452
0 1000 440
0 1000 428
0 1000 416
0 1000 452
0 1000 416
0 1000 428
0 1000 428
0 1000 440
0 1000 428
0 1000 428
0 1000 416
0 1000 416
0 1000 404
0 1000 404
0 1000 428
0 1000 464
0 1000 452
0 1000 452
0 1000 452
0 1000 428
0 1000 440
0 1000 476
0 1000 536
0 1000 548
0 1000 464
0 1000 332
0 1000 392
0 1000 404
0 1000 452
0 1000 356
0 1000 368
0 1000 512
0 1000 464
0 1000 512
0 1000 668
0 1000 308
0 1000 800
0 1000 248
0 1000 608
0 1000 308
0 1000 416
0 1000 608
0 1000 548
0 1000 92
0 1000 488
0 1000 404
0 1000 572
0 1000 452
0 1000 668
0 1000 608
0 1000 284
0 1000 800
0 1000 308
0 1000 680
0 1000 620
0 1000 632
0 1000 644
0 1000 392
0 1000 656
0 1000 404
0 1000 428
0 1000 476
0 1000 440
0 1000 344
0 1000 212
0 1000 812
0 1000 380
0 1000 368
0 1000 1016
0 1000 440
0 1000 1040
0 1000 404
0 1000 704
0 1000 608
0 1000 320
0 1000 524
0 1000 608
0 1000 32
0 1000 932
0 1000 512
0 1000 236
0 1000 476
0 1000 -412
0 1000 656
0 1000 536
0 1000 1076
0 1000 512
0 1000 1172
0 1000 20
0 1000 -1300
0 1000 128
0 1000 680
0 1000 740
0 1000 428
0 1000 920
0 1000 452
0 1000 584
0 1000 620
0 1000 -772
0 1000 272
0 1000 200
0 1000 572
0 1000 788
0 1000 1292
0 1000 1148
0 1000 500
0 1000 -64
0 1000 -724
0 1000 2144
0 1000 740
0 1000 20
0 1000 464
0 1000 536
0 1000 524
0 1000 944
0 1000 128
0 1000 152
0 1000 1400
0 1000 152
0 1000 -1756
0 1000 1028
0 1000 -76
0 1000 560
0 1000 -364
0 1000 236
0 1000 200
0 1000 -340
0 1000 -412
0 1000 8
0 1000 608
0 1000 584
0 1000 308
0 1000 428
0 1000 428
0 1000 572
0 1000 272
0 1000 560
0 1000 260
0 1000 344
0 1000 -784
0 1000 800
0 1000 596
0 1000 1052
0 1000 -256
0 1000 392
0 1000 -244
0 1000 272
0 1000 1004
0 1000 920
0 1000 368
0 1000 392
0 1000 776
0 1000 -1012
0 1000 248
0 1000 1052
0 1000 -964
0 1000 -184
0 1000 1172
0 1000 704
0 1000 1928
0 1000 68
0 1000 524
0 1000 620
0 1000 -4
0 1000 200
0 1000 1088
0 1000 44
0 1000 620
0 1000 644
0 1000 20
0 1000 392
0 1000 1136
0 1000 1076
0 1000 800
0 1000 -580
0 1000 -364
0 1000 92
0 1000 668
0 1000 -76
0 1000 1172
0 1000 -40
0 1000 320
0 1000 932
0 1000 56
0 1000 416
0 1000 848
0 1000 812
0 1000 944
0 1000 -88
0 1000 968
0 1000 -148
0 1000 92
0 1000 512
0 1000 632
0 1000 -604
0 1000 716
0 1000 176
0 1000 284
0 1000 1424
0 1000 476
0 1000 1100
0 1000 944
0 1000 104
0 1000 -328
0 1000 80
0 1000 128
0 1000 644
0 1000 356
0 1000 320
0 1000 1040
0 1000 1580
0 1000 -88
0 1000 -568
0 1000 -616
0 1000 2168
0 1000 1196
0 1000 740
0 1000 -784
0 1000 812
0 1000 260
0 1000 1700
0 1000 -664
0 1000 128
0 1000 1844
0 1000 1052
0 1000 2288
0 1000 -664
0 1000 -268
0 1000 656
0 1000 1640
0 1000 1292
0 1000 188
0 1000 572
0 1000 1880
0 1000 -448
0 1000 -484
0 1000 -172
0 1000 464
0 1000 2000
0 1000 608
0 1000 -676
0 1000 -220
0 1000 1520
0 1000 1244
0 1000 -196
0 1000 1016
0 1000 1352
0 1000 -196
0 1000 836
0 1000 152
0 1000 1592
0 1000 1184
0 1000 1112
0 1000 2180
0 1000 320
0 1000 -856
0 1000 -2500
0 1000 -1432
0 1000 476
0 1000 -160
0 1000 272
0 1000 1724
0 1000 644
0 1000 -808
0 1000 -484
0 1000 1688
0 1000 -52
0 1000 -52
0 1000 236
0 1000 -112
0 1000 -976
0 1000 -988
0 1000 704
0 1000 1004
0 1000 788
0 1000 152
0 1000 20
0 1000 692
0 1000 344
0 1000 632
0 1000 -88
0 1000 548
0 1000 1796
0 1000 980
0 1000 272
0 1000 -160
0 1000 1256
0 1000 212
0 1000 440
0 1000 932
0 1000 668
0 1000 428
0 1000 272
0 1000 1592
0 1000 284
0 1000 380
0 1000 8
0 1000 392
0 1000 560
0 1000 848
0 1000 164
0 1000 260
0 1000 1268
0 1000 380
0 1000 452
0 1000 608
0 1000 644
0 1000 548
0 1000 632
0 1000 560
0 1000 572
0 1000 428
0 1000 536
0 1000 332
0 1000 548
0 1000 524
0 1000 56
0 1000 632
0 1000 464
0 1000 476
0 1000 248
0 1000 296
0 1000 428
0 1000 320
0 1000 584
0 1000 548
0 1000 116
0 1000 380
0 1000 488
0 1000 476
0 1000 404
0 1000 440
0 1000 404
0 1000 524
0 1000 476
0 1000 104
0 1000 464
0 1000 308
0 1000 392
0 1000 524
0 1000 440
0 1000 464
0 1000 560
0 1000 488
0 1000 308
0 1000 620
0 1000 608
0 1000 476
0 1000 608
0 1000 464
0 1000 260
0 1000 332
0 1000 332
0 1000 416
0 1000 488
0 1000 428
0 1000 788
0 1000 440
0 1000 488
0 1000 620
0 1000 440
0 1000 740
0 1000 428
0 1000 296
0 1000 332
0 1000 476
0 1000 464
0 1000 536
0 1000 392
0 1000 368
0 1000 428
0 1000 524
0 1000 440
0 1000 560
0 1000 428
0 1000 440
0 1000 572
0 1000 176
0 1000 452
0 1000 392
0 1000 512
0 1000 344
0 1000 260
0 1000 476
0 1000 596
0 1000 536
0 1000 368
0 1000 416
0 1000 548
0 1000 500
0 1000 512
0 1000 464
0 1000 380
0 1000 692
0 1000 392
0 1000 548
0 1000 332
0 1000 584
0 1000 380
0 1000 428
0 1000 428
0 1000 500
0 1000 788
0 1000 512
0 1000 728
0 1000 416
0 1000 536
0 1000 560
0 1000 512
0 1000 656
0 1000 536
0 1000 452
0 1000 476
0 1000 536
0 1000 500
0 1000 536
0 1000 440
0 1000 308
0 1000 416
0 1000 368
0 1000 332
0 1000 476
0 1000 512
0 1000 500
0 1000 488
0 1000 476
0 1000 416
0 1000 512
0 1000 668
0 1000 524
0 1000 404
0 1000 488
0 1000 440
0 1000 392
0 1000 416
0 1000 464
0 1000 524
0 1000 368
0 1000 488
0 1000 380
0 1000 464
0 1000 500
0 1000 392
0 1000 248
0 1000 356
0 1000 416
0 1000 404
0 1000 440
0 1000 536
0 1000 464
0 1000 356
0 1000 356
0 1000 464
0 1000 488
0 1000 380
0 1000 608
0 1000 548
0 1000 512
0 1000 344
0 1000 476
0 1000 404
0 1000 644
0 1000 416
0 1000 356
0 1000 536
0 1000 524
0 1000 572
0 1000 368
0 1000 368
0 1000 428
0 1000 488
0 1000 608
0 1000 368
0 1000 308
0 1000 512
0 1000 440
0 1000 344
0 1000 392
0 1000 512
0 1000 368
0 1000 368
0 1000 584
0 1000 380
0 1000 404
0 1000 452
0 1000 452
0 1000 488
0 1000 392
0 1000 536
0 1000 428
0 1000 392
0 1000 536
0 1000 428
0 1000 476
0 1000 392
0 1000 404
0 1000 248
0 1000 644
0 1000 620
0 1000 176
0 1000 500
0 1000 356
0 1000 968
0 1000 476
0 1000 560
0 1000 8
0 1000 1076
0 1000 -316
0 1000 224
0 1000 224
0 1000 380
0 1000 416
0 1000 704
0 1000 488
0 1000 452
0 1000 572
0 1000 236
0 1000 404
0 1000 476
0 1000 980
0 1000 8
0 1000 152
0 1000 188
0 1000 896
0 1000 1232
0 1000 344
0 1000 128
0 1000 -856
0 1000 332
0 1000 512
0 1000 884
0 1000 296
0 1000 1568
0 1000 1508
0 1000 392
0 1000 644
0 1000 572
0 1000 260
0 1000 -220
0 1000 392
0 1000 536
0 1000 452
0 1000 308
0 1000 452
0 1000 -172
0 1000 620
0 1000 620
0 1000 1568
0 1000 356
0 1000 500
0 1000 260
0 1000 -88
0 1000 284
0 1000 296
0 1000 200
0 1000 -184
0 1000 -100
0 1000 392
0 1000 128
0 1000 140
0 1000 476
0 1000 224
0 1000 44
0 1000 164
0 1000 788
0 1000 -412
0 1000 -844
0 1000 932
0 1000 104
0 1000 872
0 1000 356
0 1000 80
0 1000 -208
0 1000 584
0 1000 368
0 1000 524
0 1000 548
0 1000 20
0 1000 236
0 1000 32
0 1000 572
0 1000 200
0 1000 8
0 1000 704
0 1000 2636
0 1000 932
0 1000 -40
0 1000 -112
0 1000 -76
0 1000 392
0 1000 992
0 1000 608
0 1000 524
0 1000 -100
0 1000 956
0 1000 332
0 1000 -148
0 1000 308
0 1000 80
0 1000 392
0 1000 752
0 1000 -424
0 1000 -40
0 1000 476
0 1000 1184
0 1000 -700
0 1000 380
0 1000 992
0 1000 -4
0 1000 1496
0 1000 -52
0 1000 -124
0 1000 236
0 1000 680
0 1000 1004
0 1000 188
0 1000 -76
0 1000 752
0 1000 524
0 1000 128
0 1000 344
0 1000 -328
0 1000 1244
0 1000 644
0 1000 -340
0 1000 572
0 1000 1028
0 1000 440
0 1000 -136
0 1000 20
0 1000 1280
0 1000 128
0 1000 644
0 1000 332
0 1000 1328
0 1000 668
0 1000 596
0 1000 224
0 1000 -148
0 1000 632
0 1000 -16
0 1000 404
0 1000 20
0 1000 80
0 1000 92
0 1000 -460
0 1000 320
0 1000 20
0 1000 620
0 1000 1136
0 1000 788
0 1000 296
0 1000 440
0 1000 272
0 1000 104
0 1000 332
0 1000 1112
0 1000 248
0 1000 488
0 1000 1460
0 1000 56
0 1000 620
0 1000 -208
0 1000 -88
0 1000 152
0 1000 128
0 1000 692
0 1000 296
0 1000 1160
0 1000 500
0 1000 548
0 1000 272
0 1000 512
0 1000 -172
0 1000 -88
0 1000 932
0 1000 452
0 1000 188
0 1000 -52
0 1000 296
0 1000 116
0 1000 620
0 1000 788
0 1000 500
0 1000 188
0 1000 692
0 1000 368
0 1000 272
0 1000 308
0 1000 344
0 1000 368
0 1000 728
0 1000 392
0 1000 488
0 1000 464
0 1000 524
0 1000 440
0 1000 452
0 1000 440
0 1000 404
0 1000 512
0 1000 296
0 1000 332
0 1000 392
0 1000 320
0 1000 356
0 1000 392
0 1000 392
0 1000 428
0 1000 596
0 1000 584
0 1000 644
0 1000 608
0 1000 668
0 1000 488
0 1000 356
0 1000 716
0 1000 452
0 1000 512
0 1000 644
0 1000 464
0 1000 296
0 1000 1052
0 1000 404
0 1000 356
0 1000 524
0 1000 248
0 1000 404
0 1000 344
0 1000 404
0 1000 764
0 1000 596
0 1000 356
0 1000 596
0 1000 380
0 1000 416
0 1000 428
0 1000 464
0 1000 236
0 1000 416
0 1000 392
0 1000 392
0 1000 440
0 1000 464
0 1000 416
0 1000 392
0 1000 416
0 1000 440
0 1000 392
0 1000 416
0 1000 452
0 1000 320
0 1000 416
0 1000 416
0 1000 308
0 1000 308
0 1000 368
0 1000 404
0 1000 344
0 1000 284
0 1000 308
0 1000 500
0 1000 668
0 1000 788
0 1000 680
0 1000 536
0 1000 464
0 1000 452
0 1000 488
0 1000 644
0 1000 584
0 1000 584
0 1000 704
0 1000 500
0 1000 452
0 1000 344
0 1000 392
0 1000 416
0 1000 476
0 1000 428
0 1000 344
0 1000 1484
0 1000 428
0 1000 1076
0 1000 -1576
0 1000 608
0 1000 2792
0 1000 320
0 1000 -112
0 1000 -1408
0 1000 1856
0 1000 1124
0 1000 236
0 1000 548
0 1000 236
0 1000 -148
0 1000 56
0 1000 452
0 1000 848
0 1000 560
0 1000 416
0 1000 572
0 1000 248
0 1000 356
0 1000 488
0 1000 464
0 1000 500
0 1000 512
0 1000 488
0 1000 416
0 1000 440
0 1000 428
0 1000 392
0 1000 440
0 1000 488
0 1000 500
0 1000 524
0 1000 500
0 1000 452
0 1000 440
0 1000 440
0 1000 440
0 1000 464
0 1000 476
0 1000 464
0 1000 512
0 1000 488
0 1000 452
0 1000 476
0 1000 464
0 1000 464
0 1000 428
0 1000 428
0 1000 428
0 1000 452
0 1000 476
0 1000 416
0 1000 380
0 1000 392
0 1000 416
0 1000 416
0 1000 476
0 1000 488
0 1000 476
0 1000 428
0 1000 404
0 1000 464
0 1000 464
0 1000 464
0 1000 464
0 1000 488
0 1000 524
0 1000 512
0 1000 488
0 1000 464
0 1000 428
0 1000 416
0 1000 416
0 1000 416
0 1000 416
0 1000 416
0 1000 428
0 1000 428
0 1000 464
0 1000 488
0 1000 476
0 1000 476
0 1000 488
0 1000 488
0 1000 452
0 1000 464
0 1000 440
0 1000 416
0 1000 428
0 1000 392
0 1000 452
0 1000 440
0 1000 440
0 1000 404
0 1000 416
0 1000 464
0 1000 452
0 1000 440
0 1000 440
0 1000 464
0 1000 512
0 1000 500
0 1000 500
0 1000 512
0 1000 512
0 1000 476
0 1000 416
0 1000 392
0 1000 428
0 1000 440
0 1000 404
0 1000 428
0 1000 416
0 1000 440
0 1000 440
0 1000 440
0 1000 464
0 1000 440
0 1000 440
0 1000 428
0 1000 464
0 1000 452
0 1000 416
0 1000 404
0 1000 380
0 1000 428
0 1000 524
0 1000 500
0 1000 536
0 1000 488
0 1000 476
0 1000 488
0 1000 452
0 1000 440
0 1000 428
0 1000 452
0 1000 476
0 1000 452
0 1000 464
0 1000 476
0 1000 488
0 1000 500
0 1000 488
0 1000 440
0 1000 416
0 1000 416
0 1000 404
0 1000 428
0 1000 440
0 1000 416
0 1000 452
0 1000 452
0 1000 464
0 1000 476
0 1000 452
0 1000 452
0 1000 464
0 1000 476
0 1000 464
0 1000 416
0 1000 404
0 1000 404
0 1000 392
0 1000 344
0 1000 380
0 1000 416
0 1000 464
0 1000 476
0 1000 476
0 1000 464
0 1000 464
0 1000 476
0 1000 500
0 1000 500
0 1000 464
0 1000 440
0 1000 428
0 1000 452
0 1000 464
0 1000 464
0 1000 440
0 1000 440
0 1000 452
0 1000 440
0 1000 428
0 1000 452
0 1000 452
0 1000 464
0 1000 452
0 1000 476
0 1000 440
0 1000 464
0 1000 416
0 1000 416
0 1000 380
0 1000 380
0 1000 488
0 1000 512
0 1000 524
0 1000 560
0 1000 536
0 1000 464
0 1000 452
0 1000 368
0 1000 380
0 1000 464
0 1000 428
0 1000 416
0 1000 440
0 1000 416
0 1000 404
0 1000 440
0 1000 416
0 1000 440
0 1000 452
0 1000 464
0 1000 440
0 1000 452
0 1000 440
0 1000 440
0 1000 440
0 1000 452
0 1000 476
0 1000 452
0 1000 488
0 1000 452
0 1000 440
0 1000 452
0 1000 440
0 1000 428
0 1000 440
0 1000 452
0 1000 452
0 1000 428
0 1000 416
0 1000 416
0 1000 440
0 1000 440
0 1000 440
0 1000 428
0 1000 452
0 1000 440
0 1000 476
0 1000 512
0 1000 476
0 1000 476
0 1000 464
0 1000 440
0 1000 440
0 1000 452
0 1000 416
0 1000 440
0 1000 440
0 1000 452
0 1000 440
0 1000 452
0 1000 464
0 1000 440
0 1000 416
0 1000 428
0 1000 440
0 1000 440
0 1000 440
0 1000 440
0 1000 428
0 1000 404
0 1000 404
0 1000 440
0 1000 464
0 1000 500
0 1000 548
0 1000 560
0 1000 500
0 1000 476
0 1000 476
0 1000 404
0 1000 416
0 1000 392
0 1000 368
0 1000 368
0 1000 332
0 1000 416
0 1000 500
0 1000 512
0 1000 500
0 1000 512
0 1000 500
0 1000 476
0 1000 452
0 1000 416
0 1000 440
0 1000 440
0 1000 440
0 1000 452
0 1000 440
0 1000 440
0 1000 452
0 1000 452
0 1000 452
0 1000 440
0 1000 428
0 1000 428
0 1000 440
0 1000 476
0 1000 452
0 1000 452
0 1000 464
0 1000 476
0 1000 464
0 1000 476
0 1000 500
0 1000 500
0 1000 452
0 1000 476
0 1000 452
0 1000 452
0 1000 428
0 1000 428
0 1000 416
0 1000 416
0 1000 428
0 1000 440
0 1000 452
0 1000 464
0 1000 440
0 1000 464
0 1000 488
0 1000 476
0 1000 452
0 1000 440
0 1000 440
0 1000 464
0 1000 440
0 1000 464
0 1000 428
0 1000 452
0 1000 452
0 1000 440
0 1000 452
0 1000 440
0 1000 464
0 1000 464
0 1000 452
0 1000 440
0 1000 440
0 1000 428
0 1000 428
0 1000 464
0 1000 476
0 1000 464
0 1000 476
0 1000 440
0 1000 428
0 1000 428
0 1000 428
0 1000 428
0 1000 464
0 1000 476
0 1000 488
0 1000 452
0 1000 404
0 1000 440
0 1000 464
0 1000 428
0 1000 476
0 1000 500
0 1000 488
0 1000 416
0 1000 416
0 1000 416
0 1000 464
0 1000 476
0 1000 476
0 1000 464
0 1000 452
0 1000 476
0 1000 476
0 1000 452
0 1000 464
0 1000 452
0 1000 452
0 1000 428
0 1000 416
0 1000 404
0 1000 404
0 1000 440
0 1000 440
0 1000 440
0 1000 440
0 1000 452
0 1000 464
0 1000 452
0 1000 452
0 1000 440
0 1000 428
0 1000 452
0 1000 476
0 1000 488
0 1000 500
0 1000 488
0 1000 452
0 1000 464
0 1000 428
0 1000 416
0 1000 392
0 1000 428
0 1000 428
0 1000 452
0 1000 476
0 1000 488
0 1000 464
0 1000 464
0 1000 464
0 1000 464
0 1000 464
0 1000 464
0 1000 440
0 1000 440
0 1000 440
0 1000 440
0 1000 440
0 1000 476
0 1000 440
0 1000 428
0 1000 464
0 1000 464
0 1000 452
0 1000 464
0 1000 464
0 1000 464
0 1000 476
0 1000 440
0 1000 452
0 1000 452
0 1000 464
0 1000 500
0 1000 464
0 1000 440
0 1000 476
0 1000 440
0 1000 428
0 1000 416
0 1000 416
0 1000 428
0 1000 452
0 1000 452
0 1000 452
0 1000 452
0 1000 452
0 1000 488
0 1000 440
0 1000 464
0 1000 488
0 1000 452
0 1000 440
0 1000 428
0 1000 428
0 1000 416
0 1000 452
0 1000 464
0 1000 464
0 1000 476
0 1000 464
0 1000 416
0 1000 428
0 1000 440
0 1000 440
0 1000 440
0 1000 452
0 1000 440
0 1000 428
0 1000 416
0 1000 452
0 1000 440
0 1000 452
0 1000 464
0 1000 440
0 1000 452
0 1000 416
0 1000 452
0 1000 440
0 1000 440
0 1000 440
0 1000 452
0 1000 488
0 1000 452
0 1000 452
0 1000 440
0 1000 464
0 1000 476
0 1000 464
0 1000 464
0 1000 452
0 1000 452
0 1000 464
0 1000 464
0 1000 440
0 1000 452
0 1000 428
0 1000 428
0 1000 416
0 1000 428
0 1000 440
0 1000 464
0 1000 440
0 1000 440
0 1000 428
0 1000 428
0 1000 440
0 1000 428
0 1000 416
0 1000 416
0 1000 440
0 1000 452
0 1000 488
0 1000 464
0 1000 452
0 1000 440
0 1000 452
0 1000 452
0 1000 440
0 1000 452
0 1000 452
0 1000 440
0 1000 452
0 1000 440
0 1000 440
0 1000 440
0 1000 440
0 1000 416
0 1000 404
0 1000 428
0 1000 428
0 1000 428
0 1000 440
0 1000 452
0 1000 464
0 1000 452
0 1000 428
0 1000 464
0 1000 416
0 1000 428
0 1000 452
0 1000 500
0 1000 524
0 1000 488
0 1000 500
0 1000 488
0 1000 476
0 1000 452
0 1000 464
0 1000 440
0 1000 464
0 1000 440
0 1000 452
0 1000 428
0 1000 428
0 1000 416
0 1000 428
0 1000 428
0 1000 428
0 1000 428
0 1000 440
0 1000 428
0 1000 416
0 1000 416
0 1000 416
0 1000 416
0 1000 440
0 1000 452
0 1000 452
0 1000 440
0 1000 428
0 1000 464
0 1000 440
0 1000 440
0 1000 440
0 1000 428
0 1000 440
0 1000 428
0 1000 428
0 1000 428
0 1000 428
0 1000 416
0 1000 404
0 1000 440
0 1000 440
0 1000 464
0 1000 440
0 1000 392
0 1000 416
0 1000 416
0 1000 416
0 1000 440
0 1000 428
0 1000 500
0 1000 488
0 1000 464
0 1000 488
0 1000 464
0 1000 452
0 1000 452
0 1000 428
0 1000 464
0 1000 440
0 1000 452
0 1000 440
0 1000 452
0 1000 440
0 1000 440
0 1000 452
0 1000 428
0 1000 428
0 1000 428
0 1000 440
0 1000 428
0 1000 416
0 1000 440
0 1000 452
0 1000 428
0 1000 416
0 1000 440
0 1000 428
0 1000 464
0 1000 464
0 1000 464
0 1000 440
0 1000 452
0 1000 404
0 1000 440
0 1000 452
0 1000 464
0 1000 452
0 1000 464
0 1000 452
0 1000 428
0 1000 428
0 1000 428
0 1000 452
0 1000 464
0 1000 452
0 1000 464
0 1000 440
0 1000 416
0 1000 416
0 1000 440
0 1000 440
0 1000 440
0 1000 416
0 1000 428
0 1000 416
0 1000 416
0 1000 452
0 1000 452
0 1000 488
0 1000 488
0 1000 440
0 1000 416
0 1000 512
0 1000 512
0 1000 488
0 1000 500
0 1000 476
0 1000 464
0 1000 428
0 1000 380
0 1000 404
0 1000 416
0 1000 452
0 1000 476
0 1000 500
0 1000 476
0 1000 476
0 1000 476
0 1000 464
0 1000 440
0 1000 464
0 1000 428
0 1000 440
0 1000 440
0 1000 428
0 1000 416
0 1000 404
0 1000 428
0 1000 416
0 1000 416
0 1000 428
0 1000 416
0 1000 440
0 1000 440
0 1000 428
0 1000 440
0 1000 440
0 1000 428
0 1000 428
0 1000 428
0 1000 428
0 1000 440
0 1000 440
0 1000 440
0 1000 428
0 1000 428
0 1000 392
0 1000 428
0 1000 536
0 1000 476
0 1000 452
0 1000 440
0 1000 416
0 1000 524
0 1000 488
0 1000 404
0 1000 548
0 1000 368
0 1000 560
0 1000 344
0 1000 344
0 1000 392
0 1000 536
0 1000 536
0 1000 488
0 1000 500
0 1000 428
0 1000 548
0 1000 452
0 1000 20
0 1000 548
0 1000 512
0 1000 80
0 1000 560
0 1000 212
0 1000 212
0 1000 272
0 1000 344
0 1000 788
0 1000 476
0 1000 992
0 1000 500
0 1000 380
0 1000 512
0 1000 476
0 1000 176
0 1000 776
0 1000 572
0 1000 608
0 1000 452
0 1000 320
0 1000 548
0 1000 404
0 1000 680
0 1000 464
0 1000 500
0 1000 380
0 1000 548
0 1000 332
0 1000 272
0 1000 476
0 1000 332
0 1000 320
0 1000 392
0 1000 344
0 1000 188
0 1000 356
0 1000 164
0 1000 584
0 1000 404
0 1000 416
0 1000 416
0 1000 404
0 1000 416
0 1000 512
0 1000 248
0 1000 476
0 1000 440
0 1000 488
0 1000 452
0 1000 464
0 1000 452
0 1000 428
0 1000 440
0 1000 452
0 1000 416
0 1000 440
0 1000 464
0 1000 452
0 1000 416
0 1000 404
0 1000 416
0 1000 464
0 1000 488
0 1000 452
0 1000 476
0 1000 452
0 1000 512
0 1000 524
0 1000 848
0 1000 1280
0 1000 -1048
0 1000 3176
0 1000 -844
0 1000 -688
0 1000 -100
0 1000 -784
0 1000 956
0 1000 200
0 1000 560
0 1000 824
0 1000 404
0 1000 -16
0 1000 584
0 1000 1448
0 1000 584
0 1000 416
0 1000 344
0 1000 224
0 1000 -16
0 1000 44
0 1000 356
0 1000 644
0 1000 632
0 1000 524
0 1000 536
0 1000 536
0 1000 464
0 1000 404
0 1000 428
0 1000 584
0 1000 368
0 1000 428
0 1000 440
0 1000 488
0 1000 440
0 1000 380
0 1000 488
0 1000 392
0 1000 416
0 1000 464
0 1000 464
0 1000 368
0 1000 392
0 1000 368
0 1000 260
0 1000 548
0 1000 416
0 1000 464
0 1000 428
0 1000 416
0 1000 416
0 1000 416
0 1000 440
0 1000 428
0 1000 488
0 1000 476
0 1000 488