0 1000 440
0 1000 488
0 1000 464
0 1000 452
0 1000 452
0 1000 452
0 1000 452
0 1000 464
0 1000 464
0 1000 452
0 1000 464
0 1000 452
0 1000 440
0 1000 452
0 1000 452
0 1000 464
0 1000 464
0 1000 464
0 1000 464
0 1000 452
0 1000 464
0 1000 452
0 1000 464
0 1000 464
0 1000 452
0 1000 440
0 1000 464
0 1000 452
0 1000 440
0 1000 464
0 1000 464
0 1000 464
0 1000 452
0 1000 464
0 1000 452
0 1000 452
0 1000 452
0 1000 452
0 1000 452
0 1000 452
0 1000 452
0 1000 476
0 1000 452
0 1000 452
0 1000 464
0 1000 452
0 1000 452
0 1000 452
0 1000 440
0 1000 452
0 1000 440
0 1000 476
0 1000 464
0 1000 452
0 1000 440
0 1000 440
0 1000 440
0 1000 452
0 1000 464
0 1000 464
0 1000 488
0 1000 464
0 1000 464
0 1000 464
0 1000 464
0 1000 452
0 1000 488
0 1000 452
0 1000 464
0 1000 476
0 1000 452
0 1000 452
0 1000 452
0 1000 452
0 1000 440
0 1000 452
0 1000 452
0 1000 440
0 1000 452
0 1000 440
0 1000 464
0 1000 452
0 1000 464
0 1000 476
0 1000 464
0 1000 476
0 1000 452
0 1000 464
0 1000 476
0 1000 452
0 1000 464
0 1000 452
0 1000 488
0 1000 464
0 1000 464
0 1000 464
0 1000 464
0 1000 464
0 1000 464
0 1000 464
0 1000 464
0 1000 476
0 1000 464
0 1000 476
0 1000 464
0 1000 464
0 1000 464
0 1000 464
0 1000 464
0 1000 476
0 1000 476
0 1000 464
0 1000 464
0 1000 476
0 1000 464
0 1000 476
0 1000 476
0 1000 476
0 1000 452
0 1000 488
0 1000 464
0 1000 464
0 1000 476
0 1000 488
0 1000 476
0 1000 476
0 1000 476
0 1000 476
0 1000 464
0 1000 464
0 1000 476
0 1000 476
0 1000 488
0 1000 476
0 1000 488
0 1000 476
0 1000 476
0 1000 476
0 1000 464
0 1000 464
0 1000 488
0 1000 476
0 1000 488
0 1000 500
0 1000 476
0 1000 464
0 1000 476
0 1000 488
0 1000 488
0 1000 488
0 1000 488
0 1000 488
0 1000 488
0 1000 488
0 1000 488
0 1000 488
0 1000 488
0 1000 500
0 1000 488
0 1000 512
0 1000 500
0 1000 476
0 1000 488
0 1000 488
0 1000 488
0 1000 488
0 1000 476
0 1000 488
0 1000 500
0 1000 488
0 1000 488
0 1000 488
0 1000 488
0 1000 488
0 1000 500
0 1000 476
0 1000 476
0 1000 488
0 1000 488
0 1000 488
0 1000 512
0 1000 488
0 1000 476
0 1000 488
0 1000 476
0 1000 476
0 1000 512
0 1000 500
0 1000 500
0 1000 476
0 1000 488
0 1000 488
0 1000 488
0 1000 464
0 1000 488
0 1000 488
0 1000 500
0 1000 500
0 1000 500
0 1000 488
0 1000 488
0 1000 488
0 1000 476
0 1000 488
0 1000 476
0 1000 488
0 1000 488
0 1000 488
0 1000 464
0 1000 488
0 1000 476
0 1000 488
0 1000 488
0 1000 476
0 1000 476
0 1000 476
0 1000 488
0 1000 488
0 1000 500
0 1000 488
0 1000 488
0 1000 488
0 1000 488
0 1000 488
0 1000 488
0 1000 500
0 1000 488
0 1000 488
0 1000 464
0 1000 476
0 1000 476
0 1000 476
0 1000 476
0 1000 500
0 1000 476
0 1000 488
0 1000 488
0 1000 476
0 1000 488
0 1000 488
0 1000 476
0 1000 500
0 1000 488
0 1000 488
0 1000 464
0 1000 488
0 1000 476
0 1000 488
0 1000 488
0 1000 488
0 1000 476
0 1000 488
0 1000 476
0 1000 476
0 1000 500
0 1000 488
0 1000 476
0 1000 464
0 1000 476
0 1000 488
0 1000 476
0 1000 488
0 1000 488
0 1000 476
0 1000 476
0 1000 476
0 1000 476
0 1000 500
0 1000 476
0 1000 476
0 1000 488
0 1000 476
0 1000 476
0 1000 476
0 1000 476
0 1000 464
0 1000 476
0 1000 476
0 1000 476
0 1000 476
0 1000 464
0 1000 464
0 1000 476
0 1000 500
0 1000 476
0 1000 464
0 1000 476
0 1000 476
0 1000 476
0 1000 488
0 1000 452
0 1000 476
0 1000 452
0 1000 464
0 1000 464
0 1000 464
0 1000 488
0 1000 464
0 1000 476
0 1000 464
0 1000 476
0 1000 476
0 1000 476
0 1000 476
0 1000 464
0 1000 464
0 1000 476
0 1000 476
0 1000 464
0 1000 488
0 1000 476
0 1000 488
0 1000 464
0 1000 488
0 1000 464
0 1000 476
0 1000 464
0 1000 464
0 1000 464
0 1000 464
0 1000 476
0 1000 464
0 1000 464
0 1000 476
0 1000 452
0 1000 464
0 1000 464
0 1000 464
0 1000 452
0 1000 452
0 1000 452
0 1000 464
0 1000 464
0 1000 452
0 1000 452
0 1000 476
0 1000 464
0 1000 464
0 1000 476
0 1000 464
0 1000 464
0 1000 440
0 1000 464
0 1000 440
0 1000 464
0 1000 452
0 1000 476
0 1000 464
0 1000 464
0 1000 464
0 1000 452
0 1000 464
0 1000 464
0 1000 452
0 1000 452
0 1000 452
0 1000 464
0 1000 464
0 1000 452
0 1000 440
0 1000 476
0 1000 452
0 1000 464
0 1000 452
0 1000 464
0 1000 464
0 1000 452
0 1000 464
0 1000 476
0 1000 452
0 1000 452
0 1000 464
0 1000 464
0 1000 464
0 1000 452
0 1000 452
0 1000 464
0 1000 452
0 1000 464
0 1000 464
0 1000 464
0 1000 464
0 1000 464
0 1000 476
0 1000 464
0 1000 476
0 1000 452
0 1000 452
0 1000 452
0 1000 464
0 1000 452
0 1000 464
0 1000 464
0 1000 452
0 1000 440
0 1000 440
0 1000 464
0 1000 476
0 1000 452
0 1000 464
0 1000 464
0 1000 464
0 1000 464
0 1000 464
0 1000 452
0 1000 464
0 1000 464
0 1000 464
0 1000 464
0 1000 452
0 1000 452
0 1000 464
0 1000 464
0 1000 464
0 1000 452
0 1000 476
0 1000 464
0 1000 464
0 1000 476
0 1000 476
0 1000 464
0 1000 476
0 1000 452
0 1000 452
0 1000 452
0 1000 464
0 1000 464
0 1000 464
0 1000 464
0 1000 464
0 1000 464
0 1000 464
0 1000 452
0 1000 464
0 1000 476
0 1000 464
0 1000 452
0 1000 464
0 1000 476
0 1000 464
0 1000 464
0 1000 452
0 1000 464
0 1000 464
0 1000 464
0 1000 464
0 1000 488
0 1000 464
0 1000 464
0 1000 476
0 1000 476
0 1000 452
0 1000 452
0 1000 464
0 1000 476
0 1000 476
0 1000 464
0 1000 464
0 1000 476
0 1000 500
0 1000 452
0 1000 464
0 1000 476
0 1000 476
0 1000 500
0 1000 476
0 1000 512
0 1000 488
0 1000 488
0 1000 488
0 1000 476
0 1000 464
0 1000 536
0 1000 488
0 1000 476
0 1000 536
0 1000 548
0 1000 512
0 1000 572
0 1000 560
0 1000 584
0 1000 572
0 1000 596
0 1000 608
0 1000 536
0 1000 512
0 1000 512
0 1000 464
0 1000 464
0 1000 560
0 1000 500
0 1000 500
0 1000 512
0 1000 476
0 1000 536
0 1000 488
0 1000 560
0 1000 452
0 1000 500
0 1000 512
0 1000 524
0 1000 548
0 1000 404
0 1000 536
0 1000 512
0 1000 560
0 1000 572
0 1000 476
0 1000 584
0 1000 500
0 1000 608
0 1000 572
0 1000 560
0 1000 608
0 1000 500
0 1000 584
0 1000 488
0 1000 584
0 1000 584
0 1000 584
0 1000 596
0 1000 608
0 1000 584
0 1000 536
0 1000 572
0 1000 572
0 1000 512
0 1000 512
0 1000 584
0 1000 548
0 1000 572
0 1000 524
0 1000 476
0 1000 344
0 1000 524
0 1000 476
0 1000 524
0 1000 392
0 1000 548
0 1000 416
0 1000 560
0 1000 320
0 1000 392
0 1000 740
0 1000 440
0 1000 404
0 1000 548
0 1000 500
0 1000 416
0 1000 560
0 1000 248
0 1000 512
0 1000 416
0 1000 596
0 1000 476
0 1000 452
0 1000 560
0 1000 488
0 1000 272
0 1000 500
0 1000 572
0 1000 452
0 1000 524
0 1000 548
0 1000 488
0 1000 404
0 1000 524
0 1000 392
0 1000 584
0 1000 536
0 1000 656
0 1000 440
0 1000 560
0 1000 260
0 1000 572
0 1000 512
0 1000 440
0 1000 488
0 1000 488
0 1000 584
0 1000 428
0 1000 836
0 1000 536
0 1000 464
0 1000 560
0 1000 344
0 1000 -40
0 1000 644
0 1000 236
0 1000 692
0 1000 536
0 1000 -4
0 1000 548
0 1000 212
0 1000 452
0 1000 176
0 1000 1040
0 1000 44
0 1000 140
0 1000 656
0 1000 -100
0 1000 188
0 1000 -40
0 1000 716
0 1000 464
0 1000 20
0 1000 -184
0 1000 476
0 1000 332
0 1000 596
0 1000 872
0 1000 896
0 1000 776
0 1000 -352
0 1000 560
0 1000 44
0 1000 572
0 1000 560
0 1000 20
0 1000 392
0 1000 704
0 1000 488
0 1000 608
0 1000 356
0 1000 236
0 1000 824
0 1000 56
0 1000 752
0 1000 608
0 1000 248
0 1000 344
0 1000 464
0 1000 236
0 1000 620
0 1000 584
0 1000 584
0 1000 1232
0 1000 512
0 1000 644
0 1000 236
0 1000 152
0 1000 812
0 1000 776
0 1000 536
0 1000 704
0 1000 -400
0 1000 524
0 1000 452
0 1000 572
0 1000 1280
0 1000 1316
0 1000 428
0 1000 212
0 1000 896
0 1000 -4
0 1000 -4
0 1000 368
0 1000 692
0 1000 308
0 1000 488
0 1000 -88
0 1000 512
0 1000 332
0 1000 620
0 1000 632
0 1000 668
0 1000 524
0 1000 296
0 1000 632
0 1000 608
0 1000 128
0 1000 500
0 1000 644
0 1000 488
0 1000 512
0 1000 392
0 1000 572
0 1000 548
0 1000 464
0 1000 440
0 1000 296
0 1000 608
0 1000 548
0 1000 440
0 1000 512
0 1000 500
0 1000 488
0 1000 344
0 1000 440
0 1000 536
0 1000 536
0 1000 524
0 1000 476
0 1000 332
0 1000 440
0 1000 500
0 1000 656
0 1000 584
0 1000 140
0 1000 572
0 1000 536
0 1000 440
0 1000 164
0 1000 344
0 1000 884
0 1000 476
0 1000 608
0 1000 272
0 1000 824
0 1000 464
0 1000 164
0 1000 656
0 1000 716
0 1000 500
0 1000 704
0 1000 440
0 1000 560
0 1000 596
0 1000 512
0 1000 512
0 1000 476
0 1000 584
0 1000 536
0 1000 572
0 1000 548
0 1000 500
0 1000 476
0 1000 488
0 1000 488
0 1000 536
0 1000 548
0 1000 608
0 1000 560
0 1000 548
0 1000 632
0 1000 560
0 1000 620
0 1000 512
0 1000 548
0 1000 584
0 1000 632
0 1000 608
0 1000 608
0 1000 548
0 1000 548
0 1000 548
0 1000 548
0 1000 488
0 1000 572
0 1000 584
0 1000 536
0 1000 548
0 1000 512
0 1000 488
0 1000 500
0 1000 572
0 1000 512
0 1000 464
0 1000 524
0 1000 560
0 1000 452
0 1000 560
0 1000 500
0 1000 548
0 1000 632
0 1000 404
0 1000 380
0 1000 152
0 1000 728
0 1000 440
0 1000 236
0 1000 -748
0 1000 -1624
0 1000 -1492
0 1000 1484
0 1000 476
0 1000 716
0 1000 -1828
0 1000 -1744
0 1000 -208
0 1000 -1564
0 1000 -400
0 1000 1280
0 1000 512
0 1000 -988
0 1000 152
0 1000 44
0 1000 176
0 1000 140
0 1000 -424
0 1000 308
0 1000 -100
0 1000 236
0 1000 392
0 1000 8
0 1000 704
0 1000 392
0 1000 620
0 1000 536
0 1000 140
0 1000 404
0 1000 152
0 1000 488
0 1000 -88
0 1000 236
0 1000 236
0 1000 200
0 1000 332
0 1000 668
0 1000 332
0 1000 428
0 1000 428
0 1000 476
0 1000 440
0 1000 392
0 1000 464
0 1000 572
0 1000 512
0 1000 704
0 1000 428
0 1000 392
0 1000 548
0 1000 584
0 1000 440
0 1000 284
0 1000 332
0 1000 560
0 1000 344
0 1000 464
0 1000 488
0 1000 416
0 1000 380
0 1000 656
0 1000 488
0 1000 644
0 1000 656
0 1000 572
0 1000 464
0 1000 440
0 1000 608
0 1000 440
0 1000 404
0 1000 488
0 1000 464
0 1000 488
0 1000 584
0 1000 644
0 1000 368
0 1000 404
0 1000 536
0 1000 428
0 1000 452
0 1000 680
0 1000 536
0 1000 524
0 1000 584
0 1000 728
0 1000 416
0 1000 668
0 1000 284
0 1000 800
0 1000 548
0 1000 692
0 1000 440
0 1000 572
0 1000 464
0 1000 512
0 1000 380
0 1000 632
0 1000 536
0 1000 536
0 1000 596
0 1000 692
0 1000 332
0 1000 548
0 1000 488
0 1000 476
0 1000 560
0 1000 428
0 1000 524
0 1000 488
0 1000 788
0 1000 824
0 1000 536
0 1000 584
0 1000 536
0 1000 680
0 1000 428
0 1000 284
0 1000 764
0 1000 692
0 1000 476
0 1000 236
0 1000 416
0 1000 680
0 1000 620
0 1000 512
0 1000 368
0 1000 608
0 1000 560
0 1000 356
0 1000 560
0 1000 428
0 1000 596
0 1000 524
0 1000 392
0 1000 308
0 1000 464
0 1000 512
0 1000 596
0 1000 416
0 1000 356
0 1000 428
0 1000 476
0 1000 452
0 1000 392
0 1000 596
0 1000 524
0 1000 476
0 1000 416
0 1000 512
0 1000 584
0 1000 548
0 1000 596
0 1000 476
0 1000 572
0 1000 512
0 1000 596
0 1000 560
0 1000 452
0 1000 572
0 1000 644
0 1000 536
0 1000 632
0 1000 488
0 1000 500
0 1000 296
0 1000 212
0 1000 632
0 1000 320
0 1000 740
0 1000 512
0 1000 464
0 1000 644
0 1000 692
0 1000 524
0 1000 764
0 1000 416
0 1000 608
0 1000 440
0 1000 536
0 1000 716
0 1000 8
0 1000 608
0 1000 572
0 1000 488
0 1000 872
0 1000 548
0 1000 440
0 1000 368
0 1000 368
0 1000 440
0 1000 668
0 1000 452
0 1000 536
0 1000 380
0 1000 656
0 1000 380
0 1000 524
0 1000 608
0 1000 548
0 1000 404
0 1000 536
0 1000 512
0 1000 440
0 1000 464
0 1000 572
0 1000 464
0 1000 596
0 1000 488
0 1000 584
0 1000 548
0 1000 452
0 1000 632
0 1000 644
0 1000 512
0 1000 404
0 1000 560
0 1000 584
0 1000 548
0 1000 488
0 1000 488
0 1000 476
0 1000 536
0 1000 164
0 1000 488
0 1000 572
0 1000 296
0 1000 464
0 1000 812
0 1000 572
0 1000 644
0 1000 572
0 1000 536
0 1000 608
0 1000 476
0 1000 596
0 1000 464
0 1000 692
0 1000 572
0 1000 728
0 1000 488
0 1000 656
0 1000 656
0 1000 608
0 1000 500
0 1000 248
0 1000 296
0 1000 800
0 1000 572
0 1000 548
0 1000 404
0 1000 500
0 1000 476
0 1000 344
0 1000 512
0 1000 608
0 1000 776
0 1000 572
0 1000 584
0 1000 368
0 1000 596
0 1000 380
0 1000 260
0 1000 476
0 1000 692
0 1000 596
0 1000 224
0 1000 548
0 1000 512
0 1000 428
0 1000 380
0 1000 416
0 1000 536
0 1000 560
0 1000 380
0 1000 344
0 1000 596
0 1000 152
0 1000 464
0 1000 764
0 1000 212
0 1000 704
0 1000 560
0 1000 464
0 1000 368
0 1000 452
0 1000 428
0 1000 512
0 1000 524
0 1000 416
0 1000 596
0 1000 428
0 1000 584
0 1000 500
0 1000 656
0 1000 620
0 1000 548
0 1000 368
0 1000 524
0 1000 56
0 1000 392
0 1000 536
0 1000 548
0 1000 512
0 1000 512
0 1000 440
0 1000 500
0 1000 524
0 1000 524
0 1000 428
0 1000 608
0 1000 428
0 1000 248
0 1000 764
0 1000 260
0 1000 668
0 1000 476
0 1000 608
0 1000 488
0 1000 380
0 1000 476
0 1000 524
0 1000 488
0 1000 440
0 1000 548
0 1000 548
0 1000 704
0 1000 572
0 1000 656
0 1000 584
0 1000 608
0 1000 584
0 1000 488
0 1000 452
0 1000 512
0 1000 512
0 1000 476
0 1000 524
0 1000 488
0 1000 488
0 1000 476
0 1000 584
0 1000 524
0 1000 512
0 1000 464
0 1000 488
0 1000 464
0 1000 476
0 1000 440
0 1000 476
0 1000 464
0 1000 476
0 1000 500
0 1000 476
0 1000 500
0 1000 524
0 1000 488
0 1000 464
0 1000 500
0 1000 452
0 1000 500
0 1000 476
0 1000 488
0 1000 524
0 1000 500
0 1000 488
0 1000 500
0 1000 476
0 1000 464
0 1000 512
0 1000 476
0 1000 488
0 1000 488
0 1000 428
0 1000 524
0 1000 464
0 1000 428
0 1000 428
0 1000 452
0 1000 416
0 1000 428
0 1000 488
0 1000 464
0 1000 428
0 1000 464
0 1000 464
0 1000 464
0 1000 440
0 1000 464
0 1000 452
0 1000 464
0 1000 476
0 1000 452
0 1000 476
0 1000 440
0 1000 452
0 1000 416
0 1000 452
0 1000 488
0 1000 488
0 1000 476
0 1000 500
0 1000 500
0 1000 512
0 1000 476
0 1000 500
0 1000 452
0 1000 488
0 1000 488
0 1000 452
0 1000 488
0 1000 512
0 1000 512
0 1000 440
0 1000 512
0 1000 476
0 1000 476
0 1000 452
0 1000 464
0 1000 500
0 1000 488
0 1000 488
0 1000 500
0 1000 500
0 1000 488
0 1000 500
0 1000 488
0 1000 476
0 1000 464
0 1000 452
0 1000 464
0 1000 488
0 1000 452
0 1000 476
0 1000 476
0 1000 464
0 1000 476
0 1000 488
0 1000 464
0 1000 512
0 1000 476
0 1000 476
0 1000 464
0 1000 464
0 1000 440
0 1000 488
0 1000 464
0 1000 476
0 1000 488
0 1000 488
0 1000 452
0 1000 476
0 1000 476
0 1000 488
0 1000 452
0 1000 488
0 1000 512
0 1000 464
0 1000 464
0 1000 488
0 1000 476
0 1000 488
0 1000 488
0 1000 488
0 1000 464
0 1000 488
0 1000 476
0 1000 476
0 1000 488
0 1000 452
0 1000 464
0 1000 488
0 1000 476
0 1000 440
0 1000 476
0 1000 452
0 1000 464
0 1000 476
0 1000 476
0 1000 464
0 1000 488
0 1000 464
0 1000 488
0 1000 488
0 1000 476
0 1000 488
0 1000 464
0 1000 464
0 1000 488
0 1000 452
0 1000 488
0 1000 464
0 1000 452
0 1000 452
0 1000 488
0 1000 452
0 1000 476
0 1000 488
0 1000 464
0 1000 464
0 1000 476
0 1000 440
0 1000 476
0 1000 464
0 1000 512
0 1000 512
0 1000 476
0 1000 500
0 1000 464
0 1000 464
0 1000 476
0 1000 488
0 1000 500
0 1000 452
0 1000 476
0 1000 512
0 1000 452
0 1000 464
0 1000 476
0 1000 500
0 1000 440
0 1000 452
0 1000 476
0 1000 464
0 1000 476
0 1000 476
0 1000 476
0 1000 488
0 1000 452
0 1000 488
0 1000 464
0 1000 512
0 1000 464
0 1000 488
0 1000 488
0 1000 476
0 1000 476
0 1000 500
0 1000 476
0 1000 440
0 1000 428
0 1000 500
0 1000 500
0 1000 500
0 1000 -88
0 1000 -148
0 1000 -1528
0 1000 1100
0 1000 1148
0 1000 1916
0 1000 1016
0 1000 1064
0 1000 -496
0 1000 -364
0 1000 56
0 1000 -172
0 1000 -796
0 1000 932
0 1000 536
0 1000 428
0 1000 308
0 1000 656
0 1000 656
0 1000 104
0 1000 392
0 1000 80
0 1000 92
0 1000 392
0 1000 848
0 1000 464
0 1000 -16
0 1000 20
0 1000 536
0 1000 -184
0 1000 716
0 1000 548
0 1000 536
0 1000 104
0 1000 560
0 1000 740
0 1000 752
0 1000 524
0 1000 668
0 1000 524
0 1000 392
0 1000 272
0 1000 152
0 1000 416
0 1000 440
0 1000 296
0 1000 476
0 1000 164
0 1000 92
0 1000 464
0 1000 668
0 1000 380
0 1000 812
0 1000 68
0 1000 236
0 1000 356
0 1000 260
0 1000 764
0 1000 92
0 1000 740
0 1000 608
0 1000 656
0 1000 692
0 1000 356
0 1000 80
0 1000 476
0 1000 476
0 1000 752
0 1000 152
0 1000 548
0 1000 632
0 1000 596
0 1000 284
0 1000 536
0 1000 644
0 1000 416
0 1000 464
0 1000 464
0 1000 584
0 1000 536
0 1000 68
0 1000 416
0 1000 512
0 1000 596
0 1000 296
0 1000 488
0 1000 356
0 1000 440
0 1000 584
0 1000 380
0 1000 644
0 1000 536
0 1000 416
0 1000 440
0 1000 548
0 1000 320
0 1000 464
0 1000 392
0 1000 308
0 1000 488
0 1000 56
0 1000 392
0 1000 512
0 1000 452
0 1000 428
0 1000 224
0 1000 572
0 1000 560
0 1000 332
0 1000 200
0 1000 572
0 1000 440
0 1000 392
0 1000 464
0 1000 380
0 1000 212
0 1000 440
0 1000 656
0 1000 560
0 1000 452
0 1000 368
0 1000 296
0 1000 332
0 1000 500
0 1000 620
0 1000 320
0 1000 164
0 1000 440
0 1000 332
0 1000 428
0 1000 464
0 1000 644
0 1000 512
0 1000 320
0 1000 344
0 1000 368
0 1000 416
0 1000 440
0 1000 332
0 1000 500
0 1000 248
0 1000 212
0 1000 500
0 1000 512
0 1000 428
0 1000 608
0 1000 320
0 1000 608
0 1000 332
0 1000 200
0 1000 332
0 1000 344
0 1000 464
0 1000 524
0 1000 452
0 1000 464
0 1000 644
0 1000 260
0 1000 452
0 1000 428
0 1000 284
0 1000 476
0 1000 380
0 1000 428
0 1000 332
0 1000 416
0 1000 428
0 1000 428
0 1000 452
0 1000 368
0 1000 428
0 1000 368
0 1000 632
0 1000 608
0 1000 296
0 1000 392
0 1000 512
0 1000 392
0 1000 176
0 1000 584
0 1000 380
0 1000 344
0 1000 320
0 1000 356
0 1000 548
0 1000 428
0 1000 644
0 1000 368
0 1000 416
0 1000 464
0 1000 608
0 1000 212
0 1000 416
0 1000 464
0 1000 68
0 1000 548
0 1000 188
0 1000 752
0 1000 512
0 1000 668
0 1000 476
0 1000 344
0 1000 512
0 1000 512
0 1000 488
0 1000 416
0 1000 416
0 1000 512
0 1000 584
0 1000 464
0 1000 356
0 1000 380
0 1000 440
0 1000 488
0 1000 464
0 1000 488
0 1000 464
0 1000 512
0 1000 548
0 1000 248
0 1000 524
0 1000 668
0 1000 500
0 1000 524
0 1000 464
0 1000 392
0 1000 752
0 1000 536
0 1000 416
0 1000 260
0 1000 368
0 1000 476
0 1000 404
0 1000 296
0 1000 656
0 1000 464
0 1000 452
0 1000 440
0 1000 248
0 1000 260
0 1000 284
0 1000 308
0 1000 416
0 1000 464
0 1000 392
0 1000 392
0 1000 584
0 1000 488
0 1000 716
0 1000 224
0 1000 92
0 1000 548
0 1000 368
0 1000 392
0 1000 440
0 1000 644
0 1000 572
0 1000 572
0 1000 188
0 1000 464
0 1000 296
0 1000 728
0 1000 416
0 1000 440
0 1000 308
0 1000 704
0 1000 668
0 1000 200
0 1000 428
0 1000 392
0 1000 404
0 1000 440
0 1000 344
0 1000 428
0 1000 176
0 1000 440
0 1000 104
0 1000 248
0 1000 512
0 1000 752
0 1000 320
0 1000 -76
0 1000 668
0 1000 260
0 1000 284
0 1000 596
0 1000 548
0 1000 548
0 1000 548
0 1000 716
0 1000 584
0 1000 620
0 1000 524
0 1000 560
0 1000 464
0 1000 488
0 1000 512
0 1000 488
0 1000 476
0 1000 440
0 1000 464
0 1000 488
0 1000 476
0 1000 452
0 1000 476
0 1000 440
0 1000 476
0 1000 500
0 1000 476
0 1000 464
0 1000 548
0 1000 464
0 1000 512
0 1000 488
0 1000 440
0 1000 476
0 1000 476
0 1000 488
0 1000 452
0 1000 488
0 1000 464
0 1000 464
0 1000 440
0 1000 464
0 1000 464
0 1000 524
0 1000 476
0 1000 452
0 1000 464
0 1000 524
0 1000 440
0 1000 464
0 1000 440
0 1000 524
0 1000 464
0 1000 464
0 1000 464
0 1000 464
0 1000 452
0 1000 452
0 1000 440
0 1000 464
0 1000 428
0 1000 440
0 1000 464
0 1000 452
0 1000 428
0 1000 440
0 1000 464
0 1000 440
0 1000 452
0 1000 440
0 1000 440
0 1000 440
0 1000 416
0 1000 452
0 1000 416
0 1000 452
0 1000 428
0 1000 476
0 1000 464
0 1000 416
0 1000 476
0 1000 428
0 1000 452
0 1000 428
0 1000 440
0 1000 440
0 1000 452
0 1000 488
0 1000 488
0 1000 440
0 1000 428
0 1000 488
0 1000 452
0 1000 464
0 1000 464
0 1000 476
0 1000 416
0 1000 500
0 1000 476
0 1000 440
0 1000 488
0 1000 452
0 1000 476
0 1000 452
0 1000 452
0 1000 488
0 1000 464
0 1000 416
0 1000 404
0 1000 488
0 1000 488
0 1000 440
0 1000 452
0 1000 440
0 1000 428
0 1000 464
0 1000 428
0 1000 440
0 1000 452
0 1000 464
0 1000 476
0 1000 452
0 1000 464
0 1000 404
0 1000 440
0 1000 452
0 1000 440
0 1000 428
0 1000 404
0 1000 416
0 1000 428
0 1000 440
0 1000 464
0 1000 452
0 1000 464
0 1000 452
0 1000 440
0 1000 464
0 1000 452
0 1000 476
0 1000 464
0 1000 476
0 1000 488
0 1000 464
0 1000 416
0 1000 464
0 1000 488
0 1000 464
0 1000 452
0 1000 488
0 1000 440
0 1000 428
0 1000 452
0 1000 404
0 1000 452
0 1000 440
0 1000 476
0 1000 200
0 1000 -796
0 1000 -172
0 1000 -784
0 1000 -1624
0 1000 2132
0 1000 944
0 1000 428
0 1000 200
0 1000 -448
0 1000 176
0 1000 -1336
0 1000 632
0 1000 596
0 1000 332
0 1000 656
0 1000 512
0 1000 812
0 1000 416
0 1000 212
0 1000 500
0 1000 680
0 1000 764
0 1000 164
0 1000 -196
0 1000 512
0 1000 80
0 1000 704
0 1000 500
0 1000 416
0 1000 728
0 1000 152
0 1000 896
0 1000 620
0 1000 548
0 1000 524
0 1000 452
0 1000 572
0 1000 584
0 1000 452
0 1000 356
0 1000 680
0 1000 344
0 1000 572
0 1000 560
0 1000 776
0 1000 416
0 1000 1028
0 1000 416
0 1000 392
0 1000 296
0 1000 608
0 1000 212
0 1000 584
0 1000 296
0 1000 296
0 1000 560
0 1000 380
0 1000 176
0 1000 932
0 1000 452
0 1000 632
0 1000 404
0 1000 92
0 1000 116
0 1000 392
0 1000 -160
0 1000 -160
0 1000 548
0 1000 -376
0 1000 488
0 1000 416
0 1000 176
0 1000 116
0 1000 296
0 1000 464
0 1000 476
0 1000 -184
0 1000 176
0 1000 296
0 1000 584
0 1000 176
0 1000 668
0 1000 356
0 1000 728
0 1000 104
0 1000 1124
0 1000 512
0 1000 320
0 1000 512
0 1000 200
0 1000 440
0 1000 368
0 1000 584
0 1000 -184
0 1000 128
0 1000 704
0 1000 176
0 1000 548
0 1000 680
0 1000 704
0 1000 536
0 1000 332
0 1000 608
0 1000 464
0 1000 500
0 1000 320
0 1000 512
0 1000 488
0 1000 680
0 1000 488
0 1000 392
0 1000 320
0 1000 512
0 1000 584
0 1000 512
0 1000 404
0 1000 944
0 1000 620
0 1000 152
0 1000 332
0 1000 860
0 1000 668
0 1000 788
0 1000 380
0 1000 452
0 1000 452
0 1000 836
0 1000 584
0 1000 416
0 1000 440
0 1000 452
0 1000 464
0 1000 296
0 1000 560
0 1000 428
0 1000 440
0 1000 584
0 1000 236
0 1000 440
0 1000 464
0 1000 440
0 1000 524
0 1000 452
0 1000 464
0 1000 464
0 1000 548
0 1000 404
0 1000 416
0 1000 488
0 1000 476
0 1000 572
0 1000 392
0 1000 644
0 1000 560
0 1000 572
0 1000 500
0 1000 596
0 1000 512
0 1000 524
0 1000 464
0 1000 488
0 1000 500
0 1000 464
0 1000 488
0 1000 512
0 1000 500
0 1000 380
0 1000 452
0 1000 416
0 1000 440
0 1000 440
0 1000 464
0 1000 392
0 1000 428
0 1000 452
0 1000 452
0 1000 488
0 1000 428
0 1000 416
0 1000 416
0 1000 416
0 1000 404
0 1000 416
0 1000 464
0 1000 416
0 1000 416
0 1000 464
0 1000 440
0 1000 416
0 1000 428
0 1000 476
0 1000 464
0 1000 464
0 1000 440
0 1000 440
0 1000 476
0 1000 440
0 1000 440
0 1000 488
0 1000 464
0 1000 440
0 1000 476
0 1000 416
0 1000 488
0 1000 452
0 1000 440
0 1000 440
0 1000 428
0 1000 464
0 1000 440
0 1000 440
0 1000 428
0 1000 416
0 1000 416
0 1000 428
0 1000 392
0 1000 440
0 1000 260
0 1000 140
0 1000 848
0 1000 920
0 1000 -688
0 1000 8
0 1000 -376
0 1000 -352
0 1000 1304
0 1000 -688
0 1000 -628
0 1000 1064
0 1000 104
0 1000 -28
0 1000 224
0 1000 212
0 1000 356
0 1000 380
0 1000 416
0 1000 320
0 1000 440
0 1000 608
0 1000 560
0 1000 476
0 1000 560
0 1000 440
0 1000 632
0 1000 716
0 1000 560
0 1000 620
0 1000 728
0 1000 572
0 1000 668
0 1000 500
0 1000 668
0 1000 584
0 1000 668
0 1000 500
0 1000 536
0 1000 512
0 1000 500
0 1000 512
0 1000 476
0 1000 476
0 1000 476
0 1000 488
0 1000 440
0 1000 476
0 1000 452
0 1000 440
0 1000 416
0 1000 440
0 1000 452
0 1000 476
0 1000 428
0 1000 392
0 1000 404
0 1000 416
0 1000 452
0 1000 440
0 1000 488
0 1000 440
0 1000 404
0 1000 440
0 1000 488
0 1000 452
0 1000 440
0 1000 452
0 1000 428
0 1000 440
0 1000 416
0 1000 440
0 1000 428
0 1000 440
0 1000 428
0 1000 404
0 1000 440
0 1000 428
0 1000 440
0 1000 452
0 1000 416
0 1000 428
0 1000 428
0 1000 404
0 1000 416
0 1000 392
0 1000 392
0 1000 440
0 1000 464
0 1000 416
0 1000 440
0 1000 404
0 1000 452
0 1000 440
0 1000 464
0 1000 452
0 1000 428
0 1000 416
0 1000 440
0 1000 416
0 1000 416
0 1000 428
0 1000 464
0 1000 548
0 1000 440
0 1000 428
0 1000 452
0 1000 380
0 1000 428
0 1000 440
0 1000 428
0 1000 440
0 1000 452
0 1000 464
0 1000 440
0 1000 452
0 1000 476
0 1000 440
0 1000 356
0 1000 452
0 1000 416
0 1000 452
0 1000 464
0 1000 428
0 1000 392
0 1000 428
0 1000 476
0 1000 428
0 1000 452
0 1000 428
0 1000 404
0 1000 440
0 1000 428
0 1000 368
0 1000 476
0 1000 452
0 1000 464
0 1000 392
0 1000 512
0 1000 548
0 1000 356
0 1000 344
0 1000 452
0 1000 392
0 1000 428
0 1000 260
0 1000 104
0 1000 -136
0 1000 596
0 1000 128
0 1000 296
0 1000 140
0 1000 692
0 1000 1448
0 1000 164
0 1000 -1144
0 1000 -196
0 1000 884
0 1000 356
0 1000 -88
0 1000 152
0 1000 404
0 1000 -268
0 1000 788
0 1000 512
0 1000 200
0 1000 -4
0 1000 -52
0 1000 248
0 1000 692
0 1000 188
0 1000 332
0 1000 476
0 1000 620
0 1000 512
0 1000 548
0 1000 692
0 1000 620
0 1000 248
0 1000 -4
0 1000 608
0 1000 488
0 1000 392
0 1000 380
0 1000 476
0 1000 764
0 1000 344
0 1000 584
0 1000 740
0 1000 716
0 1000 488
0 1000 548
0 1000 704
0 1000 476
0 1000 560
0 1000 692
0 1000 236
0 1000 656
0 1000 368
0 1000 536
0 1000 548
0 1000 416
0 1000 440
0 1000 -100
0 1000 716
0 1000 428
0 1000 224
0 1000 812
0 1000 464
0 1000 488
0 1000 188
0 1000 176
0 1000 476
0 1000 572
0 1000 332
0 1000 548
0 1000 560
0 1000 200
0 1000 188
0 1000 140
0 1000 716
0 1000 332
0 1000 320
0 1000 356
0 1000 620
0 1000 368
0 1000 536
0 1000 596
0 1000 368
0 1000 500
0 1000 440
0 1000 476
0 1000 536
0 1000 416
0 1000 512
0 1000 548
0 1000 572
0 1000 500
0 1000 476
0 1000 512
0 1000 284
0 1000 500
0 1000 296
0 1000 368
0 1000 632
0 1000 332
0 1000 296
0 1000 260
0 1000 212
0 1000 308
0 1000 548
0 1000 560
0 1000 248
0 1000 176
0 1000 536
0 1000 416
0 1000 380
0 1000 536
0 1000 968
0 1000 776
0 1000 464
0 1000 356
0 1000 392
0 1000 464
0 1000 584
0 1000 620
0 1000 308
0 1000 380
0 1000 608
0 1000 512
0 1000 380
0 1000 416
0 1000 440
0 1000 296
0 1000 296
0 1000 536
0 1000 440
0 1000 368
0 1000 476
0 1000 344
0 1000 488
0 1000 356
0 1000 404
0 1000 548
0 1000 392
0 1000 500
0 1000 344
0 1000 368
0 1000 248
0 1000 224
0 1000 560
0 1000 464
0 1000 452
0 1000 368
0 1000 476
0 1000 224
0 1000 464
0 1000 632
0 1000 596
0 1000 476
0 1000 572
0 1000 236
0 1000 368
0 1000 464
0 1000 416
0 1000 380
0 1000 368
0 1000 416
0 1000 404
0 1000 428
0 1000 704
0 1000 332
0 1000 488
0 1000 296
0 1000 488
0 1000 488
0 1000 392
0 1000 416
0 1000 344
0 1000 404
0 1000 416
0 1000 392
0 1000 464
0 1000 476
0 1000 452
0 1000 464
0 1000 380
0 1000 632
0 1000 440
0 1000 536
0 1000 524
0 1000 44
0 1000 428
0 1000 488
0 1000 272
0 1000 440
0 1000 440
0 1000 344
0 1000 392
0 1000 500
0 1000 332
0 1000 584
0 1000 380
0 1000 512
0 1000 488
0 1000 368
0 1000 452
0 1000 464
0 1000 548
0 1000 452
0 1000 428
0 1000 296
0 1000 572
0 1000 512
0 1000 512
0 1000 464
0 1000 740
0 1000 440
0 1000 440
0 1000 656
0 1000 644
0 1000 344
0 1000 428
0 1000 452
0 1000 128
0 1000 440
0 1000 344
0 1000 656
0 1000 464
0 1000 320
0 1000 344
0 1000 536
0 1000 524
0 1000 296
0 1000 320
0 1000 356
0 1000 500
0 1000 476
0 1000 392
0 1000 668
0 1000 296
0 1000 296
0 1000 332
0 1000 452
0 1000 428
0 1000 344
0 1000 428
0 1000 308
0 1000 392
0 1000 464
0 1000 680
0 1000 404
0 1000 368
0 1000 512
0 1000 608
0 1000 536
0 1000 440
0 1000 128
0 1000 620
0 1000 428
0 1000 536
0 1000 440
0 1000 608
0 1000 380
0 1000 488
0 1000 572
0 1000 560
0 1000 644
0 1000 428
0 1000 392
0 1000 416
0 1000 476
0 1000 320
0 1000 344
0 1000 236
0 1000 452
0 1000 440
0 1000 332
0 1000 536
0 1000 452
0 1000 440
0 1000 476
0 1000 440
0 1000 476
0 1000 332
0 1000 488
0 1000 368
0 1000 404
0 1000 584
0 1000 548
0 1000 668
0 1000 500
0 1000 500
0 1000 464
0 1000 488
0 1000 524
0 1000 524
0 1000 548
0 1000 392
0 1000 512
0 1000 536
0 1000 476
0 1000 440
0 1000 512
0 1000 440
0 1000 464
0 1000 452
0 1000 464
0 1000 428
0 1000 476
0 1000 476
0 1000 440
0 1000 452
0 1000 452
0 1000 404
0 1000 440
0 1000 440
0 1000 464
0 1000 488
0 1000 452
0 1000 440
0 1000 404
0 1000 452
0 1000 440
0 1000 416
0 1000 452
0 1000 464
0 1000 476
0 1000 452
0 1000 440
0 1000 452
0 1000 452
0 1000 428
0 1000 452
0 1000 476
0 1000 464
0 1000 428
0 1000 440
0 1000 464
0 1000 452
0 1000 452
0 1000 440
0 1000 440
0 1000 476
0 1000 452
0 1000 452
0 1000 464
0 1000 452
0 1000 440
0 1000 452
0 1000 464
0 1000 440
0 1000 476
0 1000 428
0 1000 452
0 1000 440
0 1000 428
0 1000 440
0 1000 440
0 1000 428
0 1000 440
0 1000 452
0 1000 452
0 1000 428
0 1000 440
0 1000 440
0 1000 464
0 1000 440
0 1000 440
0 1000 440
0 1000 440
0 1000 428
0 1000 440
0 1000 452
0 1000 452
0 1000 440
0 1000 452
0 1000 464
0 1000 452
0 1000 440
0 1000 452
0 1000 452
0 1000 428
0 1000 452
0 1000 452
0 1000 440
0 1000 440
0 1000 440
0 1000 428
0 1000 440
0 1000 428
0 1000 428
0 1000 428
0 1000 440
0 1000 440
0 1000 440
0 1000 428
0 1000 452
0 1000 440
0 1000 440
0 1000 428
0 1000 440
0 1000 428
0 1000 440
0 1000 440
0 1000 428
0 1000 428
0 1000 440
0 1000 452
0 1000 452
0 1000 440
0 1000 452
0 1000 428
0 1000 428
0 1000 428
0 1000 464
0 1000 464
0 1000 452
0 1000 452
0 1000 464
0 1000 464
0 1000 452
0 1000 464
0 1000 428
0 1000 416
0 1000 440
0 1000 452
0 1000 440
0 1000 428
0 1000 440
0 1000 536
0 1000 452
0 1000 428
0 1000 452
0 1000 428
0 1000 428
0 1000 428
0 1000 440
0 1000 416
0 1000 428
0 1000 440
0 1000 440
0 1000 464
0 1000 452
0 1000 416
0 1000 464
0 1000 416
0 1000 428
0 1000 440
0 1000 452
0 1000 440
0 1000 428
0 1000 440
0 1000 428
0 1000 428
0 1000 440
0 1000 452
0 1000 440
0 1000 440
0 1000 464
0 1000 440
0 1000 440
0 1000 452
0 1000 440
0 1000 452
0 1000 452
0 1000 428
0 1000 440
0 1000 464
0 1000 452
0 1000 428
0 1000 428
0 1000 440
0 1000 428
0 1000 428
0 1000 440
0 1000 452
0 1000 440
0 1000 440
0 1000 428
0 1000 440
0 1000 440
0 1000 440
0 1000 440
0 1000 440
0 1000 452
0 1000 416
0 1000 416
0 1000 452
0 1000 452
0 1000 452
0 1000 464
0 1000 428
0 1000 464
0 1000 440
0 1000 452
0 1000 428
0 1000 440
0 1000 440
0 1000 428
0 1000 452
0 1000 440
0 1000 428
0 1000 452
0 1000 428
0 1000 440
0 1000 440
0 1000 440
0 1000 440
0 1000 440
0 1000 440
0 1000 440
0 1000 428
0 1000 428
0 1000 440
0 1000 428
0 1000 440
0 1000 440
0 1000 416
0 1000 440
0 1000 428
0 1000 440
0 1000 428
0 1000 452
0 1000 428
0 1000 440
0 1000 416
0 1000 440
0 1000 452
0 1000 440
0 1000 452
0 1000 428
0 1000 440
0 1000 440
0 1000 440
0 1000 440
0 1000 416
0 1000 42